6,[2199553.667881638, 2187191.9837050964, 2136787.26662304, 1896722.0895237469, 1893268.3777523013, 1892972.5974600057, 1877388.017913609, 1874930.0179136088, 1663719.1258208414, 1653121.6547828426, 1649618.6547828426, 1647180.6547828421, 1646846.955724147, 1645233.9557241471, 1640089.955724147, 1639329.955724147, 1635508.1030406172, 1627989.757781843, 1626521.862165222, 1626341.2550350968],15.958476068477538
7,[6444881.913713264, 6381952.786935133, 6256390.375736362, 5708643.5078941155, 5696096.436122466, 5695142.632607456, 5652588.415835892, 5645776.41583589, 5126753.393714869, 5088844.181679293, 5080635.181679292, 5075116.1816792935, 5073649.640471715, 5071244.640471715, 5062594.640471713, 5060394.640471713, 5048337.197050798, 5023636.754789472, 5018283.461856443, 5017700.27102433],16.471445388340275
8,[6087475.209820289, 6020731.849601758, 5903201.35121979, 5474824.003950276, 5460642.342581122, 5459819.039682712, 5418082.8036444215, 5414320.8036444215, 5036594.019788712, 4992186.89552128, 4985826.895521281, 4980598.895521281, 4977264.912250518, 4975868.912250518, 4966937.91225052, 4964821.912250521, 4951885.443381594, 4921963.043295049, 4915056.498851354, 4914099.799014165],16.88608600028249
9,[2512697.689497736, 2485064.169734099, 2428909.131070962, 2226424.1223491007, 2219925.9101804243, 2219343.589018782, 2201688.157445035, 2200710.157445035, 2027019.9840756145, 2007169.1566648737, 2005015.1566648737, 2002520.1566648735, 2001522.0839918298, 2001123.08399183, 1999446.0839918298, 1998436.0839918298, 1993673.254616739, 1981262.0665073867, 1978775.937512589, 1978466.0527303875],16.593773808590026
10,[1522173.4636050542, 1506011.0828297946, 1473448.5159717032, 1347305.4163963168, 1343041.2147367042, 1342777.2602067573, 1332044.0219226757, 1331496.0219226757, 1211705.0925872563, 1200051.037056299, 1198740.0370562987, 1197244.0370562985, 1196633.6399063969, 1196473.6399063969, 1194691.639906397, 1193933.6399063969, 1191197.206568821, 1183557.7198765615, 1182284.7886846666, 1182112.749811169],16.485031056631673
11,[1485540.9223729735, 1469805.3060601791, 1438693.2762582237, 1312643.166472988, 1308428.4986700336, 1308153.5704968672, 1298062.6869365869, 1297608.6869365869, 1177112.3991079337, 1166088.6346679495, 1164647.6346679495, 1163379.6346679493, 1162631.841051987, 1162348.8410519867, 1160826.841051987, 1160210.8410519867, 1157614.0953596197, 1150602.801225354, 1149379.3757840286, 1149177.8521741538],16.431439912050223
12,[1672076.5101107073, 1654331.6583672944, 1620145.7772827842, 1482287.1196514182, 1477494.5673645097, 1477186.9646147618, 1465866.4254395945, 1465226.4254395945, 1332980.5042569747, 1320268.8640282194, 1318746.8640282191, 1317327.8640282194, 1316350.693831107, 1316164.693831107, 1314888.6938311069, 1314169.6938311069, 1311110.433354022, 1303031.6679236537, 1301527.2834558873, 1301342.1947767315],16.496163811591174
13,[1604617.3192248887, 1586109.113659001, 1554010.1590334454, 1423791.2665747881, 1419278.8742166765, 1419003.6657728755, 1408202.596473963, 1407550.596473963, 1281846.5768941238, 1268312.8928088804, 1266895.8928088807, 1265434.8928088804, 1264491.000378054, 1264265.000378054, 1262665.0003780536, 1261927.0003780536, 1259002.5858241424, 1250706.232622751, 1249371.1181056316, 1249134.1679920421],16.488673820690007
14,[1652572.5459349, 1634781.3408155825, 1601200.323661408, 1462933.4199802864, 1458493.0642746023, 1458210.2290454088, 1447160.4728227174, 1446617.4728227174, 1317274.4236712258, 1304810.9506285784, 1303071.9506285782, 1301708.950628578, 1300915.6594075514, 1300381.6594075514, 1299266.6594075514, 1298447.6594075516, 1295436.1674349068, 1287244.614489299, 1285809.6103358753, 1285634.2581007897],16.49331570737305
15,[2006875.4953803297, 1987242.5276811554, 1945701.1276173077, 1770787.6967703565, 1765228.2064461766, 1764878.2966842153, 1751495.6365703773, 1750652.6365703775, 1593954.315778733, 1579878.2854546558, 1578110.2854546558, 1576344.2854546555, 1575406.3756867922, 1574602.375686792, 1573311.3756867924, 1572468.3756867924, 1568817.9794455539, 1559724.9102922971, 1557984.8989166345, 1557749.6229184107],16.470708440373418
16,[2798404.6837104736, 2773530.6623533457, 2714782.4492643205, 2466010.590186428, 2458542.2146477136, 2458143.2587624257, 2439367.596339206, 2437357.5963392067, 2220141.9655670156, 2201153.3243002836, 2197480.3243002836, 2194967.3243002836, 2193753.272461592, 2192626.2724615927, 2188525.2724615918, 2187516.2724615918, 2182319.091205742, 2170307.057836157, 2167674.8729232475, 2167327.6419012425],16.457955766246673
17,[5247521.19469841, 5194473.752180391, 5092341.552180177, 4678175.935677389, 4664366.980127367, 4663173.548620951, 4628098.954675449, 4623765.954675449, 4256037.214457072, 4221145.5701769935, 4214695.570176994, 4209677.5701769935, 4207585.973320124, 4205925.973320124, 4198826.973320124, 4197135.973320124, 4186644.8223596895, 4164144.955495852, 4158256.1808769996, 4157524.310327484],16.684055379343835
18,[4506766.750472172, 4452288.412016294, 4366454.875449138, 4032418.089412788, 4021368.3930699183, 4020748.682162153, 3990336.838140888, 3986618.8381408886, 3683615.4136347426, 3648196.3219052716, 3643345.3219052716, 3640160.3219052707, 3638124.0468895584, 3637070.0468895584, 3630429.0468895584, 3629316.0468895584, 3619130.840910444, 3595949.0016732044, 3591065.1009439114, 3590409.5101464936],16.704363679200707
19,[1985078.2932456273, 1961468.6932782962, 1923270.5808113168, 1775781.9712637684, 1771326.5333778833, 1770978.2833097281, 1757809.731490886, 1756612.731490886, 1617313.96830297, 1602590.7182622047, 1600748.7182622044, 1599272.7182622044, 1598392.3853273327, 1597915.3853273324, 1594853.3853273327, 1594217.3853273327, 1589871.567799388, 1580054.59127541, 1578052.5867226268, 1577844.2424236494],16.688660007777894
20,[1598569.11305673, 1580321.0269675718, 1550490.9350521597, 1431980.4286911571, 1428017.2145079682, 1427774.6051353638, 1417344.802250906, 1416630.802250906, 1309549.3430778808, 1297021.7595048754, 1295286.7595048752, 1293967.7595048752, 1293153.1108463528, 1292883.1108463528, 1290560.1108463523, 1290155.1108463525, 1286965.4187377288, 1279103.4858933263, 1277582.4658742056, 1277405.5836795173],16.7692479613089
21,[1278253.399177427, 1263526.300188259, 1238267.9363403928, 1147233.0821800164, 1143747.1128558826, 1143490.5624644915, 1134778.3085488374, 1134209.3085488374, 1054870.147793353, 1043409.8745897409, 1041963.8745897409, 1040880.8745897409, 1039914.637687952, 1039621.637687952, 1038256.637687952, 1037863.637687952, 1035230.7477326526, 1028070.5279266506, 1026796.9071057813, 1026615.6610035567],16.82463418397589
22,[454498.3453769542, 446871.5964601652, 437982.0986917568, 412108.4433199078, 410721.6449645983, 410649.46184682305, 407562.48281715723, 407421.48281715723, 385767.06463232025, 379930.34543827065, 379719.34543827065, 379403.3454382708, 379006.83808050223, 378976.83808050223, 378940.83808050223, 378799.8380805023, 378016.89735729643, 374605.2864259108, 374213.4191959923, 374179.8172762842],17.08471590343713
