6,[2112827.664241393, 2109204.292949884, 2104243.8857972156, 2064573.29554379, 2051182.5463506668, 2042059.3103924785, 2032347.4284633945, 1916129.2577149854, 1743302.6327599396, 1735294.1413462379, 1734674.7880075087, 1696465.293278243, 1694007.293278243, 1516819.2557842503, 1492673.1856807515, 1489170.1856807512, 1486732.185680751, 1485966.2336887813, 1484353.233688781, 1479209.2336887806],15.873859945258717
7,[6185513.105912076, 6173022.140209799, 6161184.148462403, 5968092.715996113, 5881591.680098351, 5841000.291043642, 5800693.593233876, 5521512.211497386, 5140950.390279563, 5112235.698485467, 5110284.51919735, 5007686.904869358, 5000874.904869357, 4570402.570848606, 4486662.4150378825, 4478453.415037881, 4472934.415037877, 4469616.2275387505, 4467211.2275387505, 4458561.2275387505],15.87482883102174
8,[5880693.620914847, 5868853.762065522, 5857506.747735147, 5667636.021634149, 5595643.617656879, 5556947.693709888, 5510853.031619948, 5252769.402129828, 4965408.870033588, 4933293.517583839, 4931714.01686944, 4833966.964357663, 4830204.964357663, 4518251.137459968, 4423953.755919614, 4417593.755919614, 4412365.755919614, 4404801.808758416, 4403405.808758417, 4394474.808758416],16.21564039838896
9,[2432884.7873208458, 2427816.284826271, 2422976.1810166566, 2351986.163037516, 2329333.260682058, 2316481.716204982, 2293473.604648364, 2169767.441600131, 2033255.5793923677, 2018360.8758790314, 2017230.0842267578, 1975774.2799301844, 1974796.2799301841, 1828956.144446308, 1788063.384382832, 1785909.3843828319, 1783414.3843828314, 1781175.2923623577, 1780776.2923623577, 1779099.292362358],16.133632125945198
10,[1476270.2206072677, 1473153.9228095075, 1470629.1375517286, 1430465.8274336848, 1417793.481151405, 1410116.976465514, 1394746.5025594428, 1321893.8426177881, 1234949.121102209, 1225557.186029527, 1225070.25430599, 1199370.3853526968, 1198822.3853526968, 1097155.576627439, 1072186.5877320948, 1070875.5877320948, 1069379.5877320953, 1068143.1445150073, 1067983.1445150073, 1066201.1445150073],16.1387854477089
11,[1437328.0090013633, 1434148.8932444185, 1431722.3861937835, 1392300.2836845152, 1379199.539145751, 1371290.049766865, 1357159.0621658086, 1287108.3381608485, 1199407.5956973992, 1190179.5295728154, 1189657.9530845773, 1165397.7732173994, 1164943.7732173994, 1062931.6744030174, 1039498.56549749, 1038057.5654974901, 1036789.56549749, 1035208.0921729062, 1034925.0921729062, 1033403.0921729062],16.0595276679175
12,[1619193.6991699913, 1615641.5477915613, 1612782.4191052814, 1567283.152841281, 1552316.326100348, 1543590.8120276437, 1527398.080405041, 1450206.7046465, 1354411.61957063, 1343886.776946899, 1343339.8243348969, 1315872.3645339024, 1315232.3645339024, 1202847.0977618725, 1175787.6936850466, 1174265.6936850466, 1172846.693685046, 1170911.0725400692, 1170725.0725400695, 1169449.0725400695],16.094054976656093
13,[1554063.73055745, 1550384.581372938, 1547286.4847752769, 1500753.4589234795, 1485759.814378507, 1477859.4297863198, 1461668.8055590685, 1389326.202866126, 1298796.0193757298, 1288948.2518545543, 1288459.1709730327, 1262471.4777327243, 1261819.4777327243, 1154836.7686078113, 1126625.97249236, 1125208.97249236, 1123747.97249236, 1121595.1503549179, 1121369.1503549179, 1119769.1503549172],16.057073772404255
14,[1603443.8977512599, 1599533.3744399673, 1596590.322416763, 1552502.91279684, 1538595.116950366, 1530682.665942541, 1513831.144848665, 1437754.8845161141, 1341467.249726409, 1331611.1159327317, 1331089.088819208, 1304578.6788087017, 1304035.6788087017, 1194004.4410011696, 1167252.550104445, 1165513.550104445, 1164150.5501044448, 1162408.8182982747, 1161874.818298275, 1160759.8182982747],16.14831792499083
15,[1943884.899841487, 1939119.3279433167, 1935265.8489396262, 1886293.8177110674, 1870088.7974860598, 1861138.652041869, 1842058.0686175718, 1747398.1906576038, 1624645.1027768475, 1612812.5644616494, 1612172.1179288204, 1579748.0369360042, 1578905.0369360042, 1446482.6989338184, 1416063.8009059764, 1414295.8009059762, 1412529.8009059762, 1410444.9150323588, 1409640.9150323588, 1408349.9150323588],16.147345184869422
16,[2708226.793262607, 2702276.205048803, 2697475.482708971, 2632590.2128520296, 2613034.6497945515, 2599472.3074222426, 2576098.7290839995, 2442910.982610315, 2267384.949015383, 2251007.589814561, 2250306.880096377, 2204929.59069701, 2202919.59069701, 2019138.942101797, 1979111.8140345544, 1975438.8140345544, 1972925.8140345544, 1970114.636891077, 1968987.636891077, 1964886.636891077],16.172923145341976
17,[5057110.203763213, 5047717.3145186175, 5038376.436342526, 4888373.085486991, 4830641.694098818, 4800013.287778181, 4760877.513766817, 4533454.6844561985, 4247922.681265585, 4216812.875171998, 4214411.8791152295, 4130759.4257009258, 4126426.4257009253, 3820854.527118091, 3745348.995912399, 3738898.995912399, 3733880.9959123996, 3729307.5929548666, 3727647.592954866, 3720548.5929548685],16.111489233681116
18,[4339224.015492565, 4331559.021596726, 4324146.0067285085, 4168855.8080920624, 4103867.6693216427, 4072111.0167010548, 4035761.409008646, 3848363.3218680155, 3621145.0579407965, 3596440.975176282, 3595358.2187791723, 3523521.9396711765, 3519803.9396711765, 3270301.964852358, 3196618.6736097205, 3191767.6736097205, 3188582.67360972, 3183913.101710084, 3182859.1017100844, 3176218.1017100844],15.954443492528592
19,[1907985.1027963734, 1904586.6511740386, 1900998.5481528738, 1836132.6612016575, 1808951.2588562975, 1797093.1692068647, 1780446.2460730986, 1696694.3258597362, 1596783.0704972555, 1586800.0989598436, 1586170.2808973019, 1554599.1930625683, 1553402.1930625683, 1437247.7088538893, 1405825.9911844237, 1403983.991184424, 1402507.991184424, 1400362.5118911024, 1399885.5118911024, 1396823.5118911022],15.960523494859721
20,[1542392.8516604968, 1540229.0268465194, 1537439.105003652, 1491625.137000373, 1472442.6588903845, 1463646.089644929, 1447664.8370587484, 1381190.4369152628, 1299737.7030165663, 1290810.5017362481, 1290374.6992899328, 1265463.724853303, 1264749.724853303, 1175468.253214353, 1148517.3279881326, 1146782.3279881326, 1145463.3279881328, 1143657.387114813, 1143387.387114813, 1141064.387114813],16.154141549564894
21,[1239445.8438919652, 1238400.3212056372, 1235614.2104098715, 1197191.8768703989, 1181715.8895676993, 1175095.9227364417, 1161407.2437176239, 1105791.54813673, 1044439.3419534233, 1036827.461189538, 1036370.3373514065, 1015942.8229257419, 1015373.8229257419, 949731.460874071, 925352.247588049, 923906.247588049, 922823.247588049, 920569.919318196, 920276.919318196, 918911.919318196],16.23269073297253
22,[445816.8071970284, 445507.49125780334, 444525.4233991704, 425125.71586659504, 417766.848661133, 415429.33989587997, 409908.281332104, 390894.69958186755, 375284.2574807907, 372292.074021799, 372157.83259574254, 365191.9561596218, 365050.9561596218, 347914.9262314728, 335267.1342984759, 335056.1342984759, 334740.1342984759, 333828.67930752743, 333798.67930752743, 333762.67930752743],16.373575103601517
