6,[2142706.897215802, 2138107.1025837637, 2131910.4287653314, 2101649.5249121175, 2084826.3785467788, 2073782.1710938546, 2066559.3169930554, 1979842.8110605897, 1779469.1766347317, 1773477.716905274, 1772994.4709028485, 1744896.89236548, 1742438.89236548, 1553070.1887410327, 1535018.339755579, 1531515.3397555794, 1529077.3397555791, 1528496.6576294664, 1526883.6576294664, 1521739.6576294661],16.226155004048334
7,[6273300.890376023, 6257752.69688779, 6242177.31545214, 6093008.716882067, 5985197.119876728, 5935452.936044362, 5904999.227632826, 5694788.196985714, 5250168.5835585, 5228820.803751102, 5227312.807521, 5151733.659889831, 5144921.65988983, 4684841.219204093, 4621662.770983183, 4613453.770983182, 4607934.770983183, 4605400.214632265, 4602995.214632264, 4594345.214632265],16.241881026510843
8,[5950335.507732884, 5935916.9853967205, 5920768.985395119, 5771103.086563084, 5680504.356991157, 5632329.3770171795, 5597491.847728788, 5400626.47942841, 5057882.821814072, 5033565.02241364, 5032298.176487212, 4959295.899186982, 4955533.899186981, 4619928.971139558, 4547477.4606197355, 4541117.4606197355, 4535889.460619733, 4530115.726708276, 4528719.726708275, 4519788.7267082725],16.552380559221174
9,[2460653.4369701957, 2454209.2681210376, 2447920.2570489454, 2391673.085665347, 2363085.1915786956, 2346975.117781234, 2329366.6940903203, 2234942.675882, 2072062.5932282559, 2060836.7425179118, 2059933.4992070147, 2028971.245271207, 2027993.245271207, 1871754.2366358328, 1839914.4802896443, 1837760.4802896443, 1835265.4802896448, 1833560.8637440584, 1833161.8637440584, 1831484.8637440584],16.473560743616165
10,[1492648.154922083, 1488510.8179062994, 1485225.925856982, 1453621.005015282, 1437610.920012043, 1428170.6795779918, 1416452.7678227578, 1361229.8694394995, 1258594.0057578685, 1251421.8522767453, 1251020.9353694334, 1231989.9614953469, 1231441.9614953469, 1122871.0375605847, 1103633.0476735441, 1102322.0476735441, 1100826.0476735444, 1099845.9543306162, 1099685.9543306162, 1097903.9543306162],16.477349174467754
11,[1454290.154782184, 1450021.9836434794, 1446899.6620993915, 1415679.6637777817, 1399389.5322739326, 1389637.8736627207, 1378873.4566206252, 1325996.8109568867, 1222797.8551115734, 1215753.2759339, 1215333.8934692342, 1197406.036572563, 1196952.0365725628, 1088201.6621611167, 1070153.7616313142, 1068712.7616313144, 1067444.7616313144, 1066201.0267813753, 1065918.0267813753, 1064396.0267813758],16.40306754004589
12,[1638018.2565597526, 1633285.3262100958, 1629604.6401000575, 1593757.1666853596, 1575072.8868064058, 1564343.9873401073, 1552011.905978039, 1493756.2293266067, 1380972.973325019, 1372938.5616531123, 1372486.6782846951, 1352255.2971345293, 1351615.2971345296, 1231725.9815543576, 1210857.859058503, 1209335.859058503, 1207916.8590585033, 1206384.3952848157, 1206198.395284816, 1204922.395284816],16.440321594064397
13,[1572407.8924716893, 1567546.9527471655, 1563585.5700592976, 1526642.7632211354, 1507885.2529801, 1498044.73091154, 1485585.1928434786, 1430985.649722792, 1324529.7897998514, 1316998.5465410533, 1316590.5668955909, 1297370.054121289, 1296718.054121289, 1182701.356791095, 1160804.2203142932, 1159387.2203142934, 1157926.2203142932, 1156290.366508763, 1156064.366508763, 1154464.366508763],16.40668675090573
14,[1621546.793179932, 1616465.7047368318, 1612722.944964379, 1577924.6679607704, 1560592.9034993625, 1550865.6780933156, 1537921.1068654808, 1480556.9675235993, 1367227.863110086, 1359717.7922756104, 1359286.9704798248, 1339660.3726607624, 1339117.3726607624, 1221894.9454448835, 1201379.6591161715, 1199640.6591161713, 1198277.6591161713, 1196935.3521219783, 1196401.3521219783, 1195286.3521219783],16.488233513754086
15,[1966232.6879622838, 1960039.815257798, 1955161.4880566092, 1916756.038895642, 1896505.2484812015, 1885403.3452678083, 1870895.2646795255, 1799756.8433137094, 1655794.3226176414, 1646635.1737051182, 1646111.063052927, 1622206.9874481526, 1621363.9874481526, 1480089.6666056, 1456785.462374609, 1455017.462374609, 1453251.462374609, 1451649.44236871, 1450845.44236871, 1449554.4423687102],16.48484154046871
16,[2739530.3274531364, 2731880.2515818486, 2725700.9329819507, 2674851.1535886284, 2650070.090952495, 2633453.1756860157, 2615685.492496497, 2515352.8023651442, 2309907.547935105, 2297395.5996545316, 2296813.313110376, 2263290.6904350542, 2261280.6904350547, 2064971.0181848162, 2034063.1940782003, 2030390.1940782, 2027877.1940782007, 2025756.2843136906, 2024629.2843136906, 2020528.2843136904],16.504891694833102
17,[5120864.898216598, 5108867.149379751, 5096531.549290589, 4979381.955857781, 4906494.731941549, 4868867.187237599, 4839370.762956049, 4667268.004786626, 4331268.426555564, 4307760.5078811105, 4305857.770269298, 4243800.1345054675, 4239467.1345054675, 3911740.9201545184, 3854024.1498013986, 3847574.149801398, 3842556.1498013986, 3839009.8236888004, 3837349.8236888, 3830250.8236887995],16.461173588271624
18,[4396981.976793157, 4387488.338085889, 4377692.784347075, 4255829.257993876, 4174554.1813865216, 4135488.4851843687, 4107737.552763772, 3964970.1765178153, 3696852.8040788886, 3678082.4447124563, 3677173.279405412, 3623689.279283559, 3619971.279283559, 3351917.9768530107, 3294842.0419025165, 3289991.0419025165, 3286806.0419025165, 3283269.866594606, 3282215.866594606, 3275574.8665946065],16.321589003588212
19,[1934248.0997749465, 1930001.9093325099, 1925243.214270871, 1874289.0024174913, 1840172.341016212, 1825563.8233496612, 1812930.585361949, 1749268.8223154487, 1631059.1956645376, 1623484.6505597916, 1622961.4058346825, 1599611.09589772, 1598414.0958977197, 1474059.8921173941, 1450034.7131117475, 1448192.7131117473, 1446716.7131117473, 1445133.0575194024, 1444656.0575194024, 1441594.057519402],16.335575744724785
20,[1561818.9892109518, 1559079.8574028166, 1555364.6342895203, 1519491.5871357447, 1495708.1250236952, 1484836.934776771, 1472655.983378635, 1422322.5823601352, 1326257.9891114177, 1319498.17045481, 1319135.0442772973, 1300681.0825808113, 1299967.0825808113, 1204131.40799684, 1183481.220219441, 1181746.2202194412, 1180427.220219441, 1179037.802171937, 1178767.8021719372, 1176444.8021719372],16.515324678249357
21,[1253201.683649619, 1251847.5868867708, 1248148.882696886, 1217996.7882076309, 1198965.556044617, 1190619.2936208984, 1180237.8688381054, 1137794.510674769, 1064564.7845288196, 1058728.1939782389, 1058345.948845117, 1043082.9294425518, 1042513.9294425518, 971848.5390360527, 953042.0503771419, 951596.0503771419, 950513.0503771419, 948821.4343250797, 948528.4343250798, 947163.4343250798],16.579638757782106
22,[449417.3199280569, 448980.6609743965, 447655.523666831, 432211.04866751714, 422894.2312735855, 419849.97409081383, 415584.6851373298, 400873.47473605315, 381394.235299049, 379086.21874060034, 378975.67368939385, 373693.89304231596, 373552.89304231596, 354834.4501761486, 345153.7852570491, 344942.7852570491, 344626.7852570491, 343935.96518430416, 343905.9651843041, 343869.9651843041],16.688405682544996
