6,[1387339.8031909773, 1384461.8180765328, 1382085.8721940888, 1369669.7640790837, 1362437.3138705567, 1356416.1787682143, 1352140.210775787, 1313111.895629869, 1175330.74391989, 1172015.4358692884, 1171804.9688738603, 1148504.5292502015, 1147132.5292502015, 858351.5873897667, 846850.7647161026, 844944.7647161027, 836352.764716103, 836208.4201672559, 835796.4201672559, 832295.420167256],15.894669694107375
7,[1766707.4255901643, 1760987.2371926664, 1756603.9521215486, 1740374.6335706369, 1728920.37113066, 1720894.5921220856, 1714764.9650603945, 1668084.5509119583, 1506485.9085323764, 1502852.7122071497, 1502628.3880193143, 1474410.8414877565, 1472776.8414877562, 1159620.901868704, 1145539.962285862, 1142041.9622858614, 1131165.9622858623, 1130795.0319502216, 1130325.0319502214, 1123514.0319502223],16.078720810282338
8,[1882380.2994635992, 1874045.7037220995, 1869162.4835206978, 1850003.838751929, 1832631.315735361, 1824672.9736685646, 1817971.5235386621, 1765764.3317340938, 1597675.871280247, 1593132.3340006382, 1592845.0891397493, 1567934.501372848, 1566346.5013728482, 1308536.2046943482, 1293292.2640621762, 1289756.2640621767, 1280189.2640621762, 1279198.655398872, 1278587.655398872, 1271501.6553988722],16.312086910669617
9,[1822749.1925601747, 1809042.7727875614, 1803656.2350087895, 1783705.4017237413, 1762726.538631879, 1755841.2769117665, 1748233.9844942568, 1694976.7262723232, 1531442.670577912, 1526878.616236983, 1526509.9576335186, 1502937.6906996872, 1501502.6906996875, 1250873.286762951, 1236659.6748666144, 1233541.6748666144, 1225915.6748666146, 1225359.0110304358, 1224551.011030436, 1218903.011030436],16.14050785203832
10,[1935165.6626785586, 1921953.0156779098, 1915255.8450441586, 1894092.4283808528, 1869782.1365198563, 1862343.0039995227, 1852213.4321523244, 1795887.6265437366, 1621243.9068933348, 1616804.625368358, 1616474.9036708935, 1590381.5383157164, 1588680.5383157164, 1313869.9927789362, 1298573.2641988148, 1294256.2641988148, 1286601.2641988152, 1285717.5814734546, 1285304.5814734546, 1276375.5814734546],16.07461818606389
11,[1849416.7092829305, 1840595.1902229039, 1833325.315550362, 1812423.3099908931, 1789810.7455566614, 1783212.1940811533, 1772724.380604741, 1720786.6577721648, 1565811.9858193416, 1560746.6938778227, 1560426.2817942996, 1535936.4386767256, 1534440.4386767256, 1273332.4165650331, 1257459.8061162233, 1252086.8061162238, 1244484.806116224, 1243588.886381482, 1243009.886381482, 1232866.886381482],16.167913184475818
12,[1895392.7424301237, 1886058.3290606574, 1877527.835991236, 1854292.3749065786, 1830536.255298301, 1823575.8151808642, 1813027.1606763015, 1759251.1934972254, 1612321.8019368052, 1606064.710444628, 1605760.741095405, 1583550.1968277255, 1582315.1968277255, 1349917.1295241292, 1331939.2524942479, 1328864.2524942479, 1323703.252494248, 1322412.7567124106, 1321813.7567124104, 1314757.7567124104],16.34377756602092
13,[2024854.9094702913, 2014504.9381988908, 2006224.3332818663, 1979787.1230676488, 1954564.2704652618, 1947229.234769665, 1933930.4646962623, 1876181.0390206457, 1721197.408809109, 1714542.8962591852, 1714253.9895268015, 1691167.7370957837, 1690300.7370957837, 1476103.8921401969, 1456421.0247250146, 1454374.024725014, 1450729.0247250143, 1449296.511944605, 1448928.511944605, 1443874.5119446048],16.464794639219146
14,[1965873.5530576583, 1955786.4472633842, 1947681.5419857027, 1918652.2987741337, 1889712.895607636, 1882500.0379644774, 1868004.2004333038, 1811166.0842726165, 1657211.4370411811, 1650535.4589199058, 1650207.6268817096, 1629182.1166185786, 1628328.1166185786, 1431037.2297452202, 1411724.0184585254, 1409424.0184585252, 1406204.0184585254, 1404287.5409670307, 1404029.540967031, 1402081.5409670307],16.40310508827806
15,[1906226.6929978272, 1895052.2602033024, 1887580.6878329415, 1859926.9444778932, 1832612.6911892258, 1825596.1332867483, 1811136.0404371896, 1753017.5280496476, 1600165.9087726912, 1594585.3572426592, 1594314.255227814, 1574523.5627476294, 1573569.5627476294, 1399878.644516527, 1380989.8128237969, 1378580.8128237964, 1376570.8128237964, 1375234.0863815395, 1374946.0863815395, 1371716.0863815395],16.42372780792284
16,[1929361.7732633022, 1916595.09110188, 1909041.4735648856, 1880126.5235565293, 1851283.8902725924, 1844044.703216112, 1828451.5166324193, 1772446.6762479267, 1624859.9823345598, 1618938.1042736843, 1618496.8329785808, 1600445.7696897376, 1599568.7696897376, 1442654.561904055, 1422529.1529288925, 1420658.1529288928, 1419367.1529288925, 1418028.8402826604, 1417765.8402826604, 1415843.8402826602],16.487281796250695
17,[1860801.521203379, 1847574.1952505591, 1840624.5559299302, 1811104.0680065153, 1782028.8328346636, 1775020.3475262176, 1759415.983702473, 1708654.9984712123, 1570054.9638668285, 1563756.7192380333, 1563359.2003945822, 1546223.7677666582, 1545574.7677666584, 1400030.8706962215, 1378307.4348093972, 1376490.4348093974, 1375207.4348093974, 1373943.783947087, 1373697.783947087, 1371452.7839470867],16.50446976964791
18,[1574259.333802862, 1567655.4618209978, 1562938.5157061706, 1538861.6397242183, 1514422.571378851, 1508270.0845940146, 1494969.818840423, 1448522.4142238786, 1327653.5797736368, 1322860.432812886, 1322594.6912047167, 1307751.2674645719, 1307234.2674645716, 1183560.1366471213, 1166732.391776102, 1164944.391776102, 1163879.391776102, 1163082.08204309, 1162845.08204309, 1161221.0820430897],16.563443225059245
19,[1429435.1396449034, 1425481.8665465636, 1421279.3439692485, 1397520.1427127835, 1374839.2232824652, 1369308.9698225213, 1357748.05638099, 1312861.6099724625, 1195105.3799213788, 1191402.2871272, 1191104.7042311607, 1178527.6075386477, 1178080.6075386475, 1071584.2068064688, 1056115.5119881302, 1054356.5119881306, 1053169.5119881302, 1051997.3876863008, 1051774.3876863006, 1049202.3876863003],16.525827577500472
20,[1260449.7231097524, 1257512.6180232547, 1253255.5110792664, 1231527.996490867, 1209831.9055652216, 1204138.8427325038, 1193001.15832652, 1155536.6380475454, 1056873.9076084692, 1053371.1397558853, 1053145.1998560221, 1042100.8392810362, 1041758.8392810362, 953943.1786801693, 938960.0261116948, 937431.0261116948, 936817.0261116948, 936003.7674679295, 935829.7674679295, 934634.7674679295],16.582757655885118
21,[1007277.6171842961, 1004245.2727859839, 1000663.6694521005, 981205.1723536567, 962154.8192996766, 957085.7835568443, 947936.0807370143, 919503.2030094784, 849668.6817120796, 846466.9307601117, 846272.0834873953, 837684.7992357189, 837350.7992357188, 778089.00526843, 765204.308591957, 763957.308591957, 763281.3085919571, 762645.5996549273, 762466.5996549273, 761555.5996549273],16.679527374691638
22,[400293.4294223057, 399262.38974239066, 397796.5959577838, 385122.3105927241, 374360.1581956684, 371697.0487299723, 366995.0654337187, 356560.8819492049, 338055.6578783669, 336636.20299238176, 336584.9474501729, 333247.7708639892, 333172.7708639892, 315646.7007894434, 307208.9583231572, 307041.9583231572, 306804.9583231572, 306338.2105991645, 306322.2105991645, 305818.2105991645],16.65912490806363
