6,[1103346.0, 937790.0, 921648.0, 921486.0, 817640.0, 816986.0, 808927.0, 796844.0, 796824.0, 796818.0, 796748.0, 796747.0, 765395.0, 765306.0, 614282.0, 603780.7701549907, 570529.0244083048, 570325.0244083048, 566205.7572470064, 562198.9882568797],10.775209963966592
7,[1476069.0, 1278711.0, 1251747.0, 1251393.0, 1123566.0, 1122411.0, 1111076.0, 1094055.0, 1048598.0, 1048446.0, 917945.0, 917930.0, 745813.0, 745812.0, 719295.7112520867, 719295.7112520867, 704949.6793072111, 704822.6793072112, 695195.4711786914, 689557.493134378],10.635141696406588
8,[1672281.0, 1517677.0, 1487615.0, 1487124.0, 1364112.0, 1164804.0, 1062090.8774802838, 1035098.0635461836, 1033246.0635461836, 976946.3727859677, 965799.4094140838, 947747.5311377103, 936653.1725667074, 898801.9176749579, 886062.9176749579, 882375.3417875275, 882076.3417875275, 870632.9631545524, 808466.4560968509, 808449.4560968509],11.18288246391424
9,[1623795.0, 1488148.0, 1458546.0, 1457935.0, 1335218.0, 1138490.0, 1060502.3205251626, 1004257.7975761397, 991075.055109614, 988677.055109614, 977947.387315242, 928597.6177094961, 911162.1611153543, 907377.8467443513, 896578.8467443513, 875012.1222786935, 806366.3170270415, 782381.484568559, 774147.7848641874, 774134.7848641874],11.250626439996323
10,[1709855.0, 1578024.0, 1549517.0, 1408822.0, 1408173.0, 1194576.0, 1108514.1264090317, 1050508.6156004411, 1048151.6156004419, 1036115.4280638363, 982797.8074534495, 973055.4109710744, 954956.8139422919, 951505.5219465266, 936331.5219465267, 865423.541939102, 840594.6238671879, 830999.0878486756, 830984.0878486756, 830967.0878486756],11.054653185793278
11,[1631288.0, 1493665.0, 1467700.0, 1467152.0, 1341434.0, 1338979.0, 1223790.8152831676, 1190874.6885972978, 1007377.4748483215, 954771.0167133036, 946019.9270232316, 929085.9674003827, 915805.2572820085, 912371.9193722253, 887566.2450049502, 821340.7259685224, 804083.7259685223, 804070.7259685223, 804060.7259685223, 780750.3887055108],11.363389717745761
12,[1726092.0, 1592109.0, 1457273.0, 1432101.0, 1431600.0, 1339173.431300065, 1277127.738935452, 1099617.6829456855, 1046131.6949063889, 970645.9422035435, 954981.0964101169, 924278.6956164828, 920027.7008374432, 906637.0090148008, 883479.8677342278, 883314.8677342278, 882481.8677342278, 857380.1967526159, 854717.8644949439, 854126.864494944],11.377939515018884
13,[1901467.0, 1766739.0, 1628857.0, 1596544.0, 1494502.6559264997, 1431947.4378800811, 1243318.2137434576, 1206586.5999103847, 1154556.0609427302, 1138309.7051479924, 1054457.9738821802, 1049477.1588120572, 1034386.9981803185, 1026002.802118049, 1025513.8021180489, 1020831.273078442, 1011992.81098601, 1011354.8109860101, 986671.4536762674, 981683.7317035608],11.836635435101963
14,[1893847.0, 1732024.0, 1626534.9975748707, 1511318.7746215998, 1450467.5647348973, 1418628.5778401203, 1229802.166447844, 1213273.1932775965, 1177193.2977746655, 1128347.5725868058, 1123600.3762923963, 1106333.608677359, 1023705.346861794, 1017676.3891879048, 1009549.6435601092, 1003515.6105016209, 993247.0806866342, 969265.4114303525, 959556.5633312695, 955893.7779988322],12.081343526591926
15,[1812877.0, 1674108.0, 1572838.9187087354, 1459669.286457294, 1404232.64627449, 1215963.9108392461, 1180212.1130338917, 1160286.129130472, 1156556.0486282448, 1131224.8455149133, 1112941.30119655, 1104321.7099787428, 1062851.9725999506, 1057413.6485425576, 979659.0057035027, 956928.4195473444, 951666.5184883599, 942339.088981935, 941914.088981935, 938947.7162393136],12.085535319623888
16,[1844462.0, 1731691.3156555085, 1611505.967094736, 1550397.772844386, 1439698.1511847186, 1400690.071475358, 1219235.7555392375, 1198088.333700655, 1150156.2484102007, 1129173.622815401, 1127706.0821667404, 1121911.953005827, 1114243.1072139181, 1107996.4135664005, 1029613.0203433979, 1019038.0956446714, 994147.4462621519, 990028.1941508583, 980523.9212796097, 979933.9212796096],12.379151287681054
17,[1761177.0, 1649506.471831094, 1532783.3388230205, 1472493.0498629503, 1431180.1591324792, 1333456.607014289, 1163449.9201967637, 1117796.6397081995, 1100283.0601990493, 1091829.0727939673, 1087199.1393908171, 1061230.3361869336, 1053220.6078054626, 1032509.641783312, 1031115.3311286487, 1019379.2634068861, 945154.5709672268, 944656.5709672268, 938166.8245681126, 936628.0284091888],12.293153297217266
18,[1492101.0, 1401629.419022161, 1300852.23967061, 1250801.916794131, 1217731.6876149708, 1062557.8184465184, 1020500.1941331096, 947365.5614310614, 929605.8618850007, 926094.9688483258, 911954.7850840803, 885422.9299787483, 882436.2803400162, 878287.4306996296, 870051.2479784541, 866580.3572119768, 802436.7343653162, 801972.7343653163, 793232.9749675727, 792054.5946454742],12.30616321842876
19,[1323176.0, 1239716.2827374812, 1085853.2327576783, 1056637.95180861, 977836.8593328135, 937394.9210594598, 909752.2622374735, 893480.9003220736, 893032.9003220736, 858381.7239526729, 855452.8978943798, 852589.7104091693, 793107.2210338821, 788994.732530475, 777270.4885337967, 772855.3610968507, 771792.9666918302, 762670.881156304, 705164.1360484647, 702530.6839713126],12.157101386667717
20,[1144686.0, 1073558.7538610972, 1045718.9469911881, 1018629.5503420938, 1018279.5503420938, 1015215.3702585388, 888326.5135727873, 851371.7108685789, 819843.8808787178, 762273.1024939029, 749287.3616501499, 745377.5561230262, 744282.7857021722, 739586.3618554202, 736488.5872907564, 726181.6909207655, 716802.7580524626, 674424.7364753542, 671521.1541686931, 623836.4524374381],12.879636131156552
21,[914588.0, 855680.4508056032, 831157.8931783088, 809008.7938195565, 808740.7938195565, 806360.3821410264, 805303.4066140103, 776328.3062676868, 773967.3085771534, 683623.660470652, 678710.6000198197, 657383.5059525506, 645978.8302357564, 643340.5249698502, 639633.4582551923, 628744.8203364214, 619368.9823063235, 582093.1876247231, 582046.1876247231, 582040.1876247231],13.766818469017796
22,[360430.0, 332070.60156851384, 317590.67453888786, 306540.0040554378, 305169.8707653155, 304967.8707653155, 303626.7348690348, 303246.57616660884, 300671.8829504006, 260635.34921724405, 258551.9956647823, 257608.297204612, 251039.89450900911, 240773.25675506057, 237524.45042727518, 236214.45042727518, 236201.45042727518, 230298.51353017075, 223989.35724397918, 223981.35724397918],13.286551866944547
