6,[1103346.0, 937790.0, 921648.0, 921486.0, 817640.0, 816986.0, 808927.0, 796844.0, 796824.0, 796818.0, 796748.0, 796747.0, 765395.0, 765306.0, 614282.0, 606678.004878192, 583163.8113729131, 582959.8113729131, 579936.9013400394, 577005.5667365314],10.81506711611955
7,[1476069.0, 1278711.0, 1251747.0, 1251393.0, 1123566.0, 1122411.0, 1111076.0, 1094055.0, 1048598.0, 1048446.0, 917945.0, 917930.0, 745813.0, 745812.0, 726058.1276487053, 726058.1276487053, 715154.3354033303, 715027.3354033303, 708085.4451640432, 704023.1964313524],10.668798763597252
8,[1672281.0, 1517677.0, 1487615.0, 1487124.0, 1364112.0, 1164804.0, 1086951.4101690664, 1065978.8348929384, 1064126.8348929388, 991202.4303156284, 979935.1766236481, 961652.7192431022, 953563.9469220862, 914400.5637779223, 901661.5637779225, 898915.2991595749, 898616.2991595749, 890310.6375988892, 827914.9779946527, 827897.9779946527],11.321421220668787
9,[1623795.0, 1488148.0, 1458546.0, 1457935.0, 1335218.0, 1138490.0, 1080655.6448992745, 1035152.8148209963, 1025199.2606257696, 1022801.2606257696, 1011849.7409551418, 947449.8450701012, 929716.8118205945, 926825.7901354114, 916026.7901354114, 899716.8458089312, 830721.2288612326, 803402.4680892633, 797225.9927919765, 797212.9927919765],11.434276812583416
10,[1709855.0, 1578024.0, 1549517.0, 1408822.0, 1408173.0, 1194576.0, 1130600.0375661338, 1083261.7858726815, 1080904.7858726818, 1072128.2505150067, 1002613.949684548, 992786.5760627121, 974450.6608456307, 971849.3770418238, 956675.3770418238, 885460.702548149, 866642.5681808635, 859482.3145511271, 859467.3145511271, 859450.3145511271],11.232243649610723
11,[1631288.0, 1493665.0, 1467700.0, 1467152.0, 1341434.0, 1338979.0, 1250137.6104921142, 1224333.040610638, 1039345.1849786495, 970057.7186530203, 961257.1375128297, 944104.7293212562, 934172.509487022, 931550.6443560418, 912482.5820770452, 845947.6371806391, 828690.637180639, 828677.637180639, 828667.637180639, 802121.2290720476],11.530567649450257
12,[1726092.0, 1592109.0, 1457273.0, 1432101.0, 1431600.0, 1362125.1099006431, 1311442.0834043357, 1132561.1606397135, 1062545.2860859283, 986777.38392247, 974698.6693012739, 951414.4660159415, 948191.7467648592, 937843.7271307319, 913835.1080409497, 913670.1080409496, 912837.1080409496, 884065.548366497, 881950.0096348211, 881359.0096348211],11.582698864989963
13,[1901467.0, 1766739.0, 1628857.0, 1596544.0, 1519312.3154733677, 1468267.263160127, 1278316.5218126953, 1250216.6046452215, 1181561.6321025928, 1169255.0961630207, 1085078.2743350589, 1081221.4217202903, 1069879.563937474, 1062802.549190947, 1062313.549190947, 1058468.694017795, 1046620.9851206908, 1045982.9851206909, 1016434.4151785692, 1012397.1564477631],12.093074932544988
14,[1893847.0, 1732024.0, 1651835.756590217, 1536601.4027301886, 1486768.7153227127, 1454477.110015387, 1264185.5833433669, 1252045.16174741, 1224167.7122828525, 1159725.3680881741, 1156170.7607568277, 1143329.0167689282, 1059637.4608781433, 1054809.5374124572, 1048073.0906191842, 1043168.0054338018, 1029680.3243220624, 1001310.5651499174, 988745.4465080247, 985805.4073173597],12.387822968779911
15,[1812877.0, 1674108.0, 1597127.9399071184, 1483938.7407908645, 1438254.6414878755, 1248439.0754016498, 1220952.5258561543, 1205934.5042603607, 1203129.6203072858, 1176945.1032784416, 1163148.1899883484, 1155671.4462277286, 1100942.8044978927, 1096612.3700114603, 1017560.0087663976, 990503.5654509756, 986327.7782925316, 973983.3475523294, 973558.3475523297, 971259.4597260819],12.427709391112405
16,[1844462.0, 1758822.5044410992, 1638615.8987956676, 1588290.8002070775, 1475830.092787329, 1446066.0698403686, 1262932.4877386661, 1246948.794202744, 1184207.5327823237, 1168648.9051976816, 1167462.447583565, 1162988.1194557233, 1156471.069429327, 1151448.051893743, 1071651.2952703184, 1057642.286951108, 1027958.6227432964, 1024695.6725110057, 1012438.6791621494, 1011848.6791621492],12.739008111495009
17,[1761177.0, 1676730.0508816128, 1559983.5929220868, 1510301.4998425602, 1478899.2616556813, 1378709.688778423, 1206941.7473101774, 1146216.575565329, 1133529.8587063018, 1126506.8313613224, 1122824.782126702, 1092138.656508258, 1085893.7133494902, 1070541.393569968, 1069432.1845270966, 1054302.2440473184, 978543.43914544, 978045.4391454398, 973066.7628342732, 971853.1054987861],12.641890330789426
18,[1492101.0, 1424260.2749152286, 1323465.328406454, 1282514.320389749, 1257323.5789499686, 1100796.0494629527, 1044673.9479663519, 969912.7157576695, 956996.2653884287, 954246.9238674548, 943902.690256811, 913924.4881484002, 911556.1851909269, 908316.976112838, 901933.8412533258, 899184.9699131824, 833965.0604164957, 833501.0604164957, 821890.2940430278, 820927.7723381754],12.651215060520695
19,[1323176.0, 1260291.604842042, 1105527.1700527743, 1083655.245151436, 1004840.7184308401, 971673.7389605107, 939796.3120540275, 927683.4606241146, 927235.4606241146, 881117.419045309, 878881.9315629584, 876641.9059918816, 815749.133173258, 812475.6464543567, 803921.6779867318, 800387.7451951696, 799564.0896257135, 787770.3346813959, 729356.3618550802, 727246.9909517083],12.49512092810914
20,[1144686.0, 1090965.3557478825, 1070082.0493097047, 1039196.7594623752, 1038846.7594623752, 1036488.3658108795, 908801.4826883454, 878737.4197898108, 836919.9954326843, 779303.4676105102, 769724.0424949118, 766619.50237846, 765766.5215696826, 761950.7401325108, 759531.8446222562, 752109.1966386538, 740052.4983262426, 696613.2301044138, 694282.1112016288, 645748.5904168962],13.195166962198675
21,[914588.0, 869672.2559437252, 851069.252508347, 825953.3124488111, 825685.3124488111, 823826.3742906271, 823037.8292840736, 798940.5684126624, 797129.1793470259, 705915.3545843236, 702116.2398449504, 673264.1875831014, 664856.5792109539, 662852.7362813248, 660035.4697763, 651985.99575962, 640135.1369990896, 602335.7361878663, 602288.7361878663, 602282.7361878663],14.126144657549732
22,[360430.0, 337892.5767716247, 326859.9970519815, 314198.33341856016, 313133.8150829294, 312931.8150829294, 311866.8557060763, 311571.24553015624, 309539.6657408087, 268609.77436586126, 266446.52140224073, 265721.56316472706, 257788.4282220915, 250133.37428684012, 247579.19961947965, 246269.19961947965, 246256.19961947965, 241041.27864256754, 236322.8799911159, 236314.8799911159],13.697345907328032
