6,[69074.0, 63555.0, 59778.0, 56391.95871566891, 49664.96088794306, 47354.66712459746, 45320.51018164958, 45280.51018164957, 44647.91407230784, 43916.790419035155, 42038.367476976164, 41457.676806213756, 41181.51416578345, 41101.07345684077, 41047.31096768359, 37108.70812417499, 36895.92459779928, 36777.51542210832, 34506.57621569064, 34426.807323330686],11.93143429898364
7,[147836.0, 137417.0, 128894.0, 115138.0, 106777.8964026697, 103952.18788949362, 100228.45032298277, 95954.36783631008, 94458.53499559057, 94356.53499559058, 92877.86374133933, 92318.30509886873, 83894.29458598654, 82803.67904230685, 77225.11508154402, 76951.76231991562, 76857.01919488101, 75792.01919488098, 75429.33000531571, 75417.3300053157],12.006328372823138
8,[206988.0, 196192.0, 185744.0, 168437.0, 159475.27706923432, 153105.81381778768, 147207.15843649412, 146983.15843649412, 145116.94927041218, 144342.91739700857, 141991.4013639404, 137747.63106641502, 125850.59088360792, 125349.06818212461, 117412.12759342986, 117213.9269491074, 115676.9269491074, 113748.03654669461, 113063.41855426967, 112441.41855426965],12.866875382526818
9,[177580.0, 168624.0, 159494.60278422333, 150443.29217931093, 135519.70185942005, 130172.45008918375, 128341.6404061763, 127757.66609704055, 124168.02262830437, 120362.41367451279, 116623.31243946898, 116425.312439469, 115927.3776367578, 109164.7583749714, 107569.45722818829, 106772.85305281673, 105556.75632439238, 105388.04672002484, 97077.84644001818, 96737.13524903305],13.16827151749643
10,[170858.0, 162305.0, 153462.87361997488, 144696.34915266462, 139526.25401559318, 125598.45743537857, 123864.31369423914, 120014.0958478707, 119323.5277097336, 115742.86571535663, 112286.11182718072, 111757.3971954946, 111529.39719549459, 111049.70798212165, 110811.69483433626, 109351.33518457283, 108316.75676716353, 106781.28377239397, 100730.0875525658, 92812.7415403592],13.455757696278637
11,[177170.0, 167803.89890890892, 158505.0613835398, 150679.19664211955, 145316.49496091262, 132083.1912097586, 127955.74054013588, 124451.50891459467, 120782.82754000036, 119162.22260763933, 118383.07659062347, 117631.30528982087, 117028.56070518286, 116779.56070518286, 116077.57574906843, 115065.3610457067, 113185.86016167002, 112380.24426641379, 112184.01910041443, 110755.5699397481],13.7342958347509
12,[195615.0, 185115.7623186816, 175359.88094624144, 166853.14834442773, 161168.3018570907, 156428.41043271, 142487.56991894086, 141124.31177820344, 137735.68957151123, 135603.1706518699, 131858.96868774667, 131157.36863369538, 130834.36863369533, 130098.21209390683, 129686.72760033645, 129341.40119690083, 128307.27117037319, 126277.73705259357, 124583.24220924552, 123832.4967670375],13.940442656062153
13,[210620.0, 198219.2567392536, 192092.34062687086, 186195.98376286795, 177941.90855014022, 162911.65317211984, 158089.44109249627, 157242.5307930455, 156219.394552693, 155864.3945526931, 154470.3707356279, 153700.30111340707, 150002.19360116986, 149688.48160142472, 148003.13176810704, 147091.6404141322, 146043.8867712375, 143719.77614200406, 142291.17794080207, 135584.40353898384],14.425192131271691
14,[200461.0, 188611.02947989287, 182731.2612867807, 177217.5964918653, 175874.59987680282, 171267.16207254262, 170354.449705359, 162456.64080078114, 147478.43945508558, 146730.46906189751, 144551.93802563808, 144264.93802563808, 143487.82397940892, 143127.1669817829, 142034.6897565148, 138419.2877227459, 137050.88743725707, 134498.81496573266, 133610.9987447353, 125108.1465840526],14.565960576646933
15,[199806.0, 188005.34362720462, 182296.24862786435, 176523.47397656366, 175486.67015049938, 171052.66393493468, 155810.07130849568, 147785.6869044322, 146945.53907329842, 145886.38931897018, 144650.66069788396, 144341.6606978839, 142437.93479601268, 138876.92175531274, 138110.32578412627, 136728.69934991605, 136326.51406828116, 135202.68181114967, 134709.63572484956, 128413.17273854958],14.37467823585773
16,[215712.0, 202778.4249353447, 196197.14551879058, 190374.36275029043, 181281.10059952037, 164910.37016652687, 160063.30634567767, 159224.0702923459, 158570.170398574, 157653.2637765807, 156369.1018214268, 154256.9008414595, 150275.87855042933, 149988.87855042936, 149351.10704441543, 147759.25672346356, 147526.1271711371, 145088.92709636976, 138091.55295991414, 136795.77340433683],14.177546898740264
17,[231578.0, 218440.8213166859, 211267.46558861356, 201225.2646961533, 194739.7334057053, 177430.23184959084, 172748.93664909306, 171636.23515510652, 170653.8346607288, 168880.79721739911, 164476.00923807526, 162557.54368383752, 162170.54368383755, 161778.20448045357, 160304.33670843192, 158943.43804850648, 158148.133050686, 155773.9397227891, 154555.80840648458, 147330.1759864573],14.298756241503039
18,[189058.0, 178350.47518139269, 169722.8743161156, 164060.76073973332, 159060.64574470615, 154770.13828567707, 140929.5790280532, 136734.86422774757, 135915.28209256148, 135168.83838321918, 133202.99653812867, 132421.93953233943, 132100.93953233943, 131423.88017992236, 130247.30130488367, 129979.73770470012, 128007.58165802775, 127470.85897259788, 119333.2001980348, 112257.64541218564],14.127483506095073
19,[146757.0, 138572.6570274582, 131814.16146625878, 128049.55775105006, 115885.8772421766, 112503.46520394024, 108307.05506268432, 108080.0550626843, 107622.56062731151, 104578.55128349322, 104068.81576092991, 103754.4673386212, 102444.74210735876, 101850.30758988297, 101377.14613533959, 100356.68164754754, 98930.55566568235, 93543.42272872475, 86990.80726748408, 86489.22169395248],13.746902558907422
20,[132673.0, 124811.87793129197, 121148.61312559967, 117705.27363734509, 117131.91554102053, 116947.91554102053, 106778.51014067362, 103113.69767508148, 102646.91588431176, 99961.70606443718, 95110.79081835334, 94868.64210156926, 94305.7043246626, 92976.42237564817, 91898.70223018347, 91515.46282043231, 90650.80912566422, 90008.91861291206, 83450.64770425306, 79823.82066667653],14.36026276850071
21,[124416.0, 116780.7450496344, 113001.19468278615, 111890.68536936342, 109097.60462415917, 108641.97294547586, 105376.9445986352, 104139.25705759162, 103937.2570575916, 95573.14603341822, 95197.51143036147, 95040.68646427344, 92949.23438754771, 91693.88779942144, 90789.4029170213, 89748.52654710316, 83635.29317563045, 83175.61486920826, 79587.85858671556, 76143.58361281885],14.96546010895777
22,[52931.0, 48986.32714974802, 46768.02776690498, 44355.26402137754, 43696.84433127349, 42403.9460279114, 42213.33773654143, 42100.337736541434, 40861.38767642159, 37092.70834180162, 36768.16220327108, 36696.821642866824, 36209.78145073077, 35875.04806330422, 35605.627672505456, 34713.13165445688, 34396.13165445689, 33572.93811510755, 33211.50110012243, 33200.50110012243],13.92760200287585
