6,[2072671.056550948, 2056552.0963771215, 1864585.704615047, 1776242.889584438, 1769876.0778582804, 1767916.324221261, 1761466.080968065, 1758774.8489381757, 1751207.0132316668, 1645616.655528255, 1640518.6828780593, 1599059.4816014585, 1355257.4992619164, 1353988.8367083687, 1271744.7501451988, 1090795.7029233046, 1088337.7029233049, 1082227.4879918979, 1079789.4879918976, 1077179.3771213589],13.81197347560985
7,[5996773.95884649, 5933036.374689501, 5865005.887411521, 5827061.222321232, 5029704.356805911, 4943844.230882313, 4719765.189487058, 4658520.063014502, 4650584.28188124, 4623032.204778894, 4617815.229187694, 4182492.48755424, 4121501.955860911, 4096647.053776801, 3848531.6774851717, 3831320.8907607365, 3817527.8907607375, 3605536.4945781003, 3425527.1484965296, 3418509.148496529],13.881772087514191
8,[5720036.903915388, 5647859.993345797, 5551859.932384294, 5486476.49215938, 5421786.731586079, 5379955.569846983, 5173437.914111871, 4582909.677234731, 4574645.2592045525, 4504015.565458985, 4461565.8281701775, 4456199.166632105, 4066430.5118625253, 4045924.7300916337, 4014836.3907520687, 3760723.258610044, 3605844.433414334, 3465678.3105830285, 3450896.0235638875, 3433347.9411322526],14.627926027877423
9,[2365350.9285764648, 2329497.747134262, 2291338.9606168866, 2262785.8106351783, 2243410.5135661582, 2074346.639428681, 2041737.468289665, 2026851.8601976263, 2014250.010487946, 1937032.4841642547, 1904686.3830725478, 1663277.7072703443, 1645050.133420712, 1642045.8148019696, 1641126.6976665247, 1565836.1549822954, 1470250.2696062014, 1454825.6223308132, 1452527.3634091632, 1442659.9031212719],14.640030348694282
10,[1432164.0913957902, 1409365.1822155737, 1384015.1681921158, 1367136.5371390858, 1356296.3103635684, 1241534.4791337394, 1226714.0526092893, 1226017.3070290408, 1219668.1301816052, 1200821.8389460705, 1042803.3919611592, 1002176.5067926808, 990402.5435977181, 933081.1968583929, 884307.1382121459, 882793.7839640701, 882019.146009589, 873065.7534120902, 867928.1818697819, 866814.9863232321],14.39409446112812
11,[1397184.9138602323, 1375109.71069759, 1351045.698005071, 1339511.9002703622, 1323666.8354193494, 1231167.4281908262, 1217309.3507903116, 1210646.666963291, 1189494.7545274924, 1143406.678718898, 990910.022707214, 972575.197155325, 971116.0793723213, 961432.8782549535, 960799.5943140816, 959633.9065154776, 950376.2474143242, 901516.4637836565, 849169.3202840898, 843834.3300990721],14.643609815190754
12,[1570288.970645507, 1544066.2534659212, 1516592.340118924, 1503671.8895356434, 1484614.834242919, 1477021.3595782355, 1373881.9285355997, 1359356.185693666, 1339661.945499713, 1289812.1042678072, 1267136.9794307735, 1097172.1639843623, 1095389.656573169, 1082343.0498909955, 1080972.2842674193, 1070574.9725340318, 1069649.548137001, 1016927.4560434453, 958014.365594413, 952115.9209986706],14.77311543811541
13,[1504081.0920840416, 1478170.7484266679, 1449810.329062043, 1431178.7922123105, 1418329.9510469001, 1410894.3623178091, 1393034.511732338, 1343359.8780527634, 1246296.6587382834, 1211923.8697509586, 1211254.0714749245, 1209274.587533989, 1050152.709902989, 1048719.7792256789, 1035855.421132335, 1022320.4280839404, 1009329.7031379765, 1008684.1021974082, 1001001.5458415631, 950893.6297604813],14.940457944762677
14,[1551913.5357129653, 1527039.327608145, 1498512.9671080846, 1481089.7745054853, 1469434.6729558818, 1462326.3565132518, 1444198.7962258193, 1395159.093591466, 1275843.7256745736, 1259072.36823173, 1091172.5460242166, 1090462.1607587403, 1088352.6214714386, 1076723.1717109745, 1075406.3935917572, 1061866.0181945341, 1008162.6477483315, 992894.4336205224, 990554.4336205224, 989672.2172450206],14.761988915729823
15,[1888318.151048339, 1860621.9766490923, 1827750.0046356255, 1813980.1026533346, 1794394.584275764, 1642247.7572430472, 1634158.3977797097, 1615857.729063541, 1614943.8948702323, 1555927.7669204609, 1349114.926860689, 1326196.3021403234, 1323677.7449219986, 1253745.6062750279, 1251952.5481605937, 1239790.534214689, 1225677.8991113184, 1224807.107486827, 1221994.1074868268, 1151164.3404110642],14.611073777976655
16,[2640823.5929565174, 2606709.9536018516, 2393442.8893319615, 2351229.7692582277, 2338947.8771826113, 2323915.1103024436, 2308772.9713495886, 2282005.51802156, 2269618.4993959875, 2182966.886784514, 2078192.2503618945, 2074800.7208138632, 1807410.5371744866, 1776142.815962895, 1773906.2052933704, 1671117.5814028545, 1661619.637529362, 1659920.5028574595, 1645679.7518878866, 1638101.1705570957],14.585871115147295
17,[4918692.291730221, 4856629.355053313, 4808437.158530299, 4733765.73218857, 4682092.402237419, 4652415.098065391, 4466102.395821844, 4460268.265927557, 3923246.747232532, 3572818.204726924, 3550393.1635255096, 3546150.052355156, 3517381.341987036, 3482905.335169444, 3425766.350072437, 3229601.153068384, 3071288.983646403, 3054558.791109567, 3052529.2961036344, 3042530.2961036344],14.603084502128839
18,[4192185.465379624, 4136352.645885313, 4060817.3011749703, 4004205.080308176, 3955173.2010487844, 3922326.354650198, 3759181.6953459606, 3754002.6130127506, 3272173.102533417, 3268535.270430169, 3237881.8980514007, 3183442.0787041043, 2899559.1427388764, 2886551.001015018, 2859619.0727041904, 2684569.077055347, 2673263.077055346, 2630919.077871763, 2535072.4184642136, 2415043.0949817807],14.404057636408714
19,[1847263.4216725018, 1821065.3002989972, 1787350.7488348838, 1763998.0852828296, 1742333.4651917783, 1730147.6616416788, 1655470.5934735914, 1653265.097571895, 1629584.8520619746, 1627739.354032433, 1418905.6985631299, 1407778.325280349, 1303981.530976687, 1264408.8131206245, 1263544.8712568686, 1244263.916675723, 1168412.435348447, 1123012.0450001997, 1117358.0450002002, 1042785.2787668381],14.606719343477845
20,[1498416.2770133903, 1474858.0226186472, 1445024.6930815664, 1427205.224794586, 1409462.0258580954, 1400403.415592972, 1381814.466668227, 1326119.331660744, 1161272.1871771945, 1159973.0530146044, 1158657.4114327093, 1149986.19193224, 1133029.035970553, 1049267.9483245115, 1017621.3591036891, 1017016.1355896132, 953241.8209378825, 890890.4114640699, 887012.4114640696, 881719.4358612854],14.61485660868736
21,[1199931.514927727, 1170947.404084894, 1151311.777898795, 1136647.4698232336, 1120235.6114887376, 1106492.350144106, 1099803.9314497535, 1087602.0622921877, 1015673.8744415514, 1004859.8001746315, 885400.0024622966, 870498.199799977, 835977.2759321599, 835366.6343666288, 782502.7298568613, 776265.5586728891, 727199.6649020993, 722087.4816016259, 713403.2429639086, 712853.0771444041],14.53762719093621
22,[419575.3460066807, 413424.9227354352, 399125.44211270765, 361251.7401252394, 353878.2812497661, 347249.8688377346, 333968.3929994136, 332886.00710136775, 331585.97718763206, 331187.9771876321, 327604.3016518628, 326586.30165186274, 309047.9456772814, 308515.9456772814, 302745.34730724286, 299294.62793905905, 283829.638342644, 283424.638342644, 280925.55647167825, 279164.9961427527],14.27488360739531
