6,[723016.7770086322, 716904.154178812, 689930.1885843319, 688831.2367349233, 672085.1415594432, 597253.8859562806, 596510.700912664, 593223.4865020583, 592213.2828422575, 591799.8185214247, 591111.8185214247, 589575.2355949241, 502476.78773965663, 453363.965284165, 453062.4974751146, 451388.1164849281, 451171.1164849281, 449599.1164849281, 448219.57349380915, 447794.57349380915],14.638670849257567
7,[1242538.3271522447, 1230239.6125485657, 1185099.462146596, 1160240.2022727325, 1009815.8952308974, 1008967.173358457, 927137.8309534255, 922512.4788591778, 920518.6758349955, 916477.2814234928, 914136.2814234933, 910373.7785015161, 896615.9734910242, 895243.9734910242, 893976.7583906456, 890810.5363669826, 803687.6283448152, 802367.6283448152, 672700.6837499173, 671316.6837499168],14.318392365483076
8,[1494737.3067585225, 1478984.9267841706, 1307791.826275691, 1289038.75534981, 1276411.484697235, 1182708.2092953287, 1180370.2092953287, 1171449.2922391808, 1170761.3934793093, 1123814.601694117, 1117909.3341202713, 1116793.3341202722, 1101002.7681232246, 1098695.795199972, 1095130.9158458197, 1030090.259387701, 1028047.259387701, 884758.5118000243, 883245.9861638078, 880441.9861638078],14.482289586691277
9,[1399948.5238154586, 1383702.671016708, 1372663.3128173193, 1271144.962175821, 1266869.5077893538, 1261383.9926728483, 1256460.5022035642, 1226879.454324565, 1225100.3759940402, 1183007.6092503301, 1027067.6366424011, 1024828.6366424012, 1009844.6828054229, 1008666.6828054229, 1005339.0728490582, 859816.0881609119, 858183.0881609119, 856553.1117324125, 792917.8769833415, 790427.8769833416],14.842522858416128
10,[1454992.8027047503, 1437372.0982289317, 1423675.053315813, 1389178.8184054857, 1284522.5882519942, 1239020.9955292111, 1236364.098540184, 1226274.6301507559, 1223319.5023398574, 1222831.8945754876, 1206005.4439629307, 1202164.5906163275, 1036765.5809781881, 896539.3637530635, 895034.111886742, 805652.3884294723, 802696.3884294723, 738757.9623832565, 737567.9623832566, 735100.9623832568],14.31365491497678
11,[1477765.2398048334, 1440323.1894947237, 1422557.6467113346, 1420538.74787357, 1405353.6871544358, 1392481.138445076, 1272169.1427853804, 1266768.9782870172, 1220989.6505542991, 1219734.797719007, 1217892.7977190071, 1135414.16686806, 1105792.281198829, 1105229.9922083523, 1101835.9570735071, 1101191.957073507, 959360.0253191893, 957424.2814427348, 955535.2814427349, 954415.2814427349],15.290814743021764
12,[1703754.6753451629, 1683200.4713881083, 1643174.2458108668, 1629532.919674361, 1577172.0578609281, 1575005.876630349, 1571405.3882005513, 1551852.8103237657, 1548054.0968032966, 1451325.56131524, 1416779.6194595685, 1416019.0349155355, 1413552.2702767567, 1287486.6923998648, 1285972.183330901, 1283962.183330901, 1103452.7181732417, 960474.407656188, 899122.4004831996, 894625.7608252208],15.346462824614925
13,[1934006.2943791123, 1908816.6173872778, 1861479.1238137626, 1845607.9261334024, 1843797.1395984732, 1837413.7145070706, 1779133.2922975738, 1756119.2784516222, 1589600.2303831647, 1584219.9624433643, 1582767.1167974272, 1580519.1167974272, 1577369.659868431, 1442913.771330174, 1442163.7713301743, 1428215.3482765937, 1427459.7651454099, 1426737.76514541, 1426010.7651454103, 1355453.2517372356],15.744418688717278
14,[1969022.200999168, 1943972.1660185386, 1894021.9448395777, 1892068.7405340658, 1871678.578926623, 1855478.3773620666, 1672561.0625815382, 1666715.4841293148, 1606133.9443435753, 1604426.145613323, 1602362.145613323, 1601707.145613323, 1596920.4739319044, 1482212.0156755883, 1479429.3812129803, 1466858.2577137162, 1437894.9172201806, 1437139.9172201804, 1436374.9172201804, 1250527.4023385434],15.480152866506566
15,[2004413.583422384, 1978724.3247700986, 1930852.2565844133, 1724633.069483857, 1722035.1069598363, 1651454.893295052, 1640247.9961423122, 1635886.1857453976, 1632069.638879919, 1629869.638879919, 1627200.7089164294, 1622211.9111059096, 1621440.9111059096, 1505750.6884319326, 1461157.646960229, 1460439.2740295182, 1457364.3689935084, 1456635.3689935082, 1455752.3689935082, 1243147.7680845775],15.082089920154617
16,[1949331.0212678357, 1923514.0608284362, 1874058.6117135289, 1856806.9521216191, 1854796.1204321887, 1789639.2590997822, 1785826.0376464815, 1762626.8549501519, 1597162.5997940633, 1595554.7435140305, 1589734.1792389688, 1587721.1792389688, 1479193.2223796262, 1476932.9831269023, 1438992.504739457, 1438326.410882851, 1437523.410882851, 1436890.4108828506, 1233054.6577972975, 1222000.0325527743],15.431189851825085
17,[1956972.9763662464, 1934253.8821670187, 1887655.4574275012, 1872304.5911901174, 1869955.8306155603, 1800782.3905595862, 1619110.0566000792, 1614878.938018237, 1610836.4856864768, 1500975.8714757792, 1486764.2252067141, 1458941.1817164223, 1454831.3431111702, 1453702.0924627357, 1451562.0924627355, 1449616.6665331977, 1448956.6665331977, 1240329.7671172637, 1239617.767117264, 1171007.7728569917],15.0516759386686
18,[1797886.390313812, 1779863.1135213017, 1645382.2979144931, 1641241.3599723151, 1633907.4992064566, 1621956.1501094047, 1615309.109835178, 1558993.9562075157, 1519017.7189408625, 1447555.8203416916, 1445063.9018712048, 1442449.2088174552, 1421247.158400732, 1279073.4714975932, 1277197.2159921676, 1275293.4452771605, 1273085.4452771605, 1073471.226958375, 1070271.3219881172, 1065177.2766579469],15.023483404151118
19,[1509513.2849119245, 1323916.1702970103, 1309377.1723654144, 1299070.8039185556, 1297442.8039185556, 1294488.2128903852, 1293347.6060313731, 1175754.5406923275, 1172677.254031177, 1170804.1492202398, 1160390.0448873534, 1154913.9265805467, 1154295.9265805467, 1149382.196215848, 1102325.0815778775, 1101689.0815778777, 1043553.5613175544, 1041674.7444074833, 1040803.7444074833, 1039156.4658661986],14.694995148867372
20,[1151395.0, 1149035.0, 1148224.0, 1138538.074754682, 1137712.074754682, 1125828.79437701, 1124768.79437701, 1113360.4918324284, 1079039.6089462438, 1077674.850866364, 1064545.6427278926, 1054100.7293624883, 1049621.722354044, 1011270.7309406344, 1009713.2400309482, 934309.5697159155, 934266.5831001102, 929365.7031873043, 911437.3927858046, 859293.5247919823],14.584002716967216
21,[813884.0, 812110.0, 811618.0, 804091.1921447837, 803442.1921447837, 794787.1918407942, 793827.1918407942, 785114.8423573814, 761080.4242869484, 759964.3787846544, 751550.3093206568, 744500.4362100018, 740823.6231641353, 685843.1390074833, 685739.4105790884, 683091.5191416518, 681969.2226058616, 656310.6731855079, 655881.4462040928, 626532.2876147053],14.620974629590243
22,[334317.0, 332281.0, 331656.0, 327671.8100331452, 326918.8100331452, 323165.853757625, 316883.9492794952, 315658.9492794953, 312806.43725793855, 301861.2404852448, 297830.1389629167, 293324.4555807628, 258715.74353492682, 257584.62964504727, 256993.25617306682, 255938.77528980223, 255880.92674319743, 241492.7113892676, 240992.7113892676, 229243.10613292822],13.127058449405391
