6,[1080087.0, 1079279.0, 1064925.0, 1064909.0, 1064905.0, 1061637.0, 1058896.0, 1054405.0, 1053782.0, 1053620.0, 1052613.2005933379, 863664.9106325152, 862936.7415195712, 860061.7710244373, 858194.7710244373, 857540.7710244373, 856994.7710244373, 854129.5561136139, 817314.5287385078, 816923.4998872593],13.59169260683081
7,[1440436.0, 1438885.0, 1435082.0, 1419990.0, 1419989.0, 1415508.0, 1404509.0, 1404505.0, 1403123.0, 1402769.0, 1172119.0, 1170890.8397926895, 1167949.8397926895, 1163665.233413109, 1162486.055717781, 1161201.055717781, 1156949.9307181698, 1156346.122895371, 1140614.9398640762, 1139390.6950058164],14.155015001527989
8,[1630135.0, 1617656.0, 1595809.0, 1595798.0, 1595794.0, 1595777.0, 1595772.0, 1591306.0, 1588916.0, 1588425.0, 1536847.3477599884, 1497379.8031104319, 1491480.932525073, 1489579.7839225004, 1486949.0291917005, 1471645.3292666615, 1441822.67947998, 1440474.6547482735, 1438838.3395932715, 1428027.5951057277],15.839159107467163
9,[1581708.0, 1570900.0, 1570892.0, 1565455.0, 1551635.0, 1551628.0, 1551623.0, 1547751.0, 1544486.0, 1543875.0, 1504135.9378956892, 1494139.7559409, 1442383.951068219, 1440293.294938615, 1437706.3173009362, 1423401.9537851806, 1392846.6453789892, 1391297.3682936006, 1390469.9392381958, 1372034.2243151437],15.86570352070547
10,[1672160.0, 1660288.0, 1660284.0, 1639981.0, 1639966.0, 1639955.0, 1639948.0, 1635024.0, 1630997.0, 1630348.0, 1573740.299950258, 1571767.4953583223, 1531082.963137607, 1528597.1234650114, 1516086.121410764, 1303713.9001535329, 1143379.630596533, 1113561.8642824881, 1112305.1228486514, 1096985.600603458],14.983255842789125
11,[1602684.0, 1581898.0, 1570617.0, 1570604.0, 1570600.0, 1570599.0, 1570593.0, 1565336.0, 1560218.0, 1559670.0, 1513382.9147643705, 1462309.7630572114, 1452889.210865807, 1448371.4811241284, 1447805.6343394492, 1415776.4928018095, 1399820.0884180458, 1398621.992976374, 1397352.802133032, 1377222.1690808807],15.712735836982699
12,[1684715.0, 1676685.0, 1676685.0, 1672581.0, 1661630.0, 1661629.0, 1661619.0, 1658408.0, 1653728.0, 1604760.6525307563, 1604259.6525307563, 1594890.5483304234, 1560475.0148308796, 1354571.1385734978, 1336551.687276678, 1298630.5296885693, 1279183.8827858698, 1275538.8827858698, 1269832.5623895219, 1256473.2962715824],15.537265456190646
13,[1832801.0, 1783699.3928755957, 1780054.3928755955, 1762719.299828174, 1760959.299828174, 1757891.299828174, 1738048.2110456673, 1737060.2484827992, 1732917.248482799, 1730244.248482799, 1695488.6635151058, 1695344.6635151058, 1672261.9083590722, 1455585.513468578, 1449228.4346183506, 1408424.361861704, 1397556.6976426768, 1395077.6976426777, 1374126.6387148043, 1373505.3128174995],15.5492864303431
14,[1975217.6698735382, 1957336.2736982305, 1722404.3407431673, 1710854.165718671, 1701589.3446005713, 1698369.3446005716, 1696692.3446005716, 1654998.9410911286, 1624146.188845202, 1603585.3157138883, 1602957.2498785271, 1574014.5713422853, 1567457.1756562756, 1564946.175656276, 1554662.5795395328, 1551546.5795395328, 1355998.148120596, 1353489.1481205965, 1353356.1481205965, 1345104.4375456034],15.83461945348236
15,[1914670.6270614492, 1896772.008916567, 1876691.3372639304, 1875490.876526513, 1844168.0164801974, 1799127.896327885, 1789816.7877253029, 1769632.8549909878, 1769093.0686821877, 1761015.8389946567, 1732151.4130455654, 1531827.4575319379, 1341402.0344414555, 1339392.0344414555, 1330566.3755796833, 1324204.7198342648, 1323038.7198342646, 1317041.0043353077, 1171960.2856617416, 1169402.2010798715],16.17571509335278
16,[1938480.7096379634, 1920091.451067032, 1898417.0457319552, 1897041.6437173611, 1864212.024751997, 1832999.4040255696, 1825777.3465046582, 1815148.0968689118, 1771414.7922639267, 1765296.0714959383, 1750662.9529580264, 1738275.87543608, 1532074.5525081565, 1525480.369452778, 1518750.4774858202, 1516686.2620072262, 1510425.671060504, 1507600.4044818857, 1505447.404481886, 1351107.4714719884],17.00510023432577
17,[1867709.131045872, 1850174.9868369105, 1827105.9176854028, 1825883.2137176308, 1792906.929580247, 1784872.7974143731, 1775814.459021251, 1744179.490356874, 1704748.530617248, 1528097.4394711535, 1509304.9828114724, 1508379.7168085214, 1496384.1007973703, 1495760.207809383, 1299043.651886916, 1293215.5109533812, 1291235.5109533812, 1286136.7446492359, 1283508.860602968, 1280750.8606029677],16.30837057616601
18,[1578956.4840167505, 1565034.1324330962, 1547161.425154939, 1546309.1572395982, 1539059.9817371562, 1511433.7550327408, 1474449.3680238745, 1467425.9955832297, 1442123.1852553762, 1437256.1429439832, 1425834.5727091257, 1419412.4826001127, 1245057.3110187196, 1102712.1693109854, 1102056.8662875164, 1097392.946339462, 1093748.9789472222, 1091517.866132265, 1089260.866132265, 1086455.7097721351],16.501033452545833
19,[1429375.7948334287, 1412817.57509304, 1411999.9355766922, 1400071.612741032, 1392628.6147169038, 1227798.7891127393, 1227209.6590131556, 1203574.1042558572, 1201840.1042558572, 1196282.905976498, 1162038.2350289603, 1146425.812660875, 1145948.519985891, 1145417.5199858907, 1126000.4225379957, 1125369.4225379955, 1122017.3524124778, 1117061.3501059057, 1113702.1287918547, 1111850.3849730387],16.531605921591574
20,[1258423.982513664, 1242190.993777615, 1071599.829740794, 1070606.803547951, 1069102.1832246366, 1068529.8278610206, 1066788.8278610206, 1066268.8278610206, 1056286.7652714774, 1055718.7652714772, 1032791.2408071258, 1032227.2408071258, 1026852.1894889084, 988831.7747659371, 985287.5835984659, 984916.853799368, 968133.2025039536, 965672.0079745251, 961374.4917511158, 959174.9870430008],16.079312217802585
21,[1003146.3979834119, 857536.2834286286, 852915.4257115147, 851707.0820484489, 851218.1615706442, 850545.3780471339, 849111.3780471339, 848705.3780471339, 840978.2345932961, 840439.2345932961, 839951.2345932961, 819730.5782018101, 815185.3390663258, 792928.278428836, 789912.6638576793, 782857.51969964, 761136.0788460117, 758664.5801521146, 757097.1697918818, 754860.833908297],15.875968044187813
22,[391146.6953888231, 389655.8309650707, 385395.93834275985, 379184.28147466097, 377347.63765041734, 327664.05543177517, 326199.05543177517, 321940.01523669733, 321621.0152366974, 321205.01523669733, 304159.7539951122, 303623.75399511214, 292739.54186912207, 292373.6853623429, 290337.9882786313, 262460.1309669568, 261412.8769005852, 261023.87690058525, 255002.7071175721, 254285.70711757214],15.28915775529953
