6,[2004530.733126323, 1944900.7701100132, 1943002.9829967914, 1756889.5806391125, 1629260.1961493539, 1625374.8193544548, 1547089.5758314708, 1304657.0504336543, 1300762.5225306724, 1205954.1745123712, 1032753.6751313539, 1030295.6751313539, 1022804.5485800395, 1020366.5485800395, 1016928.4137760121, 1015169.0577693684, 1014409.0577693684, 994046.5437452196, 990004.5437452197, 987790.9621100493],11.808537320629725
7,[5990629.128018823, 5520380.48095101, 5452728.392557509, 5445767.236087558, 4900569.617018187, 4896949.037045704, 4342728.575290815, 4274415.39067281, 4242767.873636878, 3923322.0396695663, 3901903.333117743, 3652142.69719778, 3521005.5158310314, 3384968.7005437734, 3377950.7005437734, 3286074.583402757, 3270783.6952264984, 3267489.1863923077, 2863875.3894359195, 2836822.4519179785],12.533440053510171
8,[5721868.896425809, 5502238.828708706, 4911916.361304374, 4904430.979154969, 4580972.97038026, 4528971.536576456, 4524706.637218915, 4050225.4664529953, 4026673.2674231534, 3989378.03666043, 3682958.4445832167, 3586612.5014426615, 3479058.194249279, 3460923.3250264153, 3439848.4336653566, 3380787.2424560445, 3374500.2424560445, 3359130.242456044, 3356453.894183147, 3298058.9650509995],13.074233177397039
9,[2338818.674337719, 2308049.4366020192, 2289535.1394373146, 2095683.0915765725, 2012664.0422756744, 1875220.759383293, 1635232.0752923233, 1612431.276133655, 1609786.133494015, 1609129.2352424879, 1564246.3220268493, 1449340.6653556467, 1431060.5800955598, 1429153.2140030211, 1419675.7157769662, 1414253.7157769664, 1406296.694080794, 1382986.9530066284, 1381054.559603977, 1376057.5382453583],13.144252072990097
10,[1404253.5960995525, 1385863.6961304706, 1385227.0144455757, 1268330.7413961163, 1180929.40567256, 1021543.461503404, 979107.8749303108, 965294.2310842907, 896436.0194908098, 867685.5015181757, 866405.184263008, 865802.4376703335, 855042.5152010964, 850402.6396459338, 849519.8362871504, 847104.8362871505, 831664.0393779969, 735842.5813758994, 732301.4023900245, 731589.8012277258],12.606044733871615
11,[1387039.399114137, 1370703.6659671906, 1254789.1347574387, 1234946.1103187192, 1184540.6682367828, 1032160.999745689, 949463.1488963694, 948363.4902419159, 936017.1480473321, 935560.1608763748, 934666.16271109, 924146.8260200156, 894973.9350994377, 832246.988772506, 827475.2596570716, 825115.2596570718, 726084.1786706132, 722420.0770766854, 710368.0587737183, 709732.1691918363],12.792253565563165
12,[1564718.8843193895, 1429448.8347469307, 1412223.6519069548, 1316930.8132529191, 1263771.8142945718, 1242222.8258011832, 1072931.8852556439, 1071442.205763078, 1055864.3790216413, 1054807.5312551283, 1043134.1941176649, 1042433.6277232779, 1011241.904682758, 940139.1659060264, 934626.8769793921, 932266.876979392, 915256.5548551792, 810248.9860672563, 806557.4753904893, 805138.4753904894],12.761882111030918
13,[1499817.8764633152, 1406430.0413470552, 1352645.6531502407, 1225599.396039391, 1189650.6522141593, 1189044.779061414, 1187425.2059576998, 1028595.4244923939, 1027578.4774556312, 1011860.8511333578, 995323.3514230726, 981488.4292987401, 981000.8844632177, 973009.9456493373, 943530.1601015885, 881772.7742437203, 879444.7742437199, 838159.1700344114, 741327.8651387048, 739866.8651387045],12.88538632610452
14,[1546903.0282628424, 1453442.8607684986, 1399832.5315750998, 1251052.2653710963, 1230755.1726897021, 1063065.5001658548, 1062364.5498356835, 1060598.5503530744, 1047337.7583950363, 1046347.7545915593, 1029792.6794770074, 997787.6198266007, 979902.3009302674, 977562.3009302673, 976877.0404843632, 968403.0235534845, 905293.0480599304, 863040.3094804579, 762603.2006148243, 760817.2006148242],12.713206554277805
15,[1847540.5119206607, 1690489.9955638242, 1667965.8156502538, 1667060.761599974, 1601929.2749780286, 1395789.9894930597, 1288044.5687018144, 1285927.7393407056, 1244802.9302152912, 1243387.8114498246, 1228836.7393164737, 1211898.7796939623, 1211225.4626396312, 1208412.4626396315, 1125049.1529112298, 1119382.2159629157, 1097537.718728357, 1095063.7187283565, 972355.8130883727, 968365.2506956114],12.824767361889684
16,[2613374.898526855, 2395093.5489294142, 2269478.0360051272, 2258618.814802907, 2162977.418901777, 2034267.9716571218, 2031432.0067500803, 1764752.6110479694, 1730340.6698526582, 1728610.458183544, 1608817.8442461425, 1597543.474102338, 1596182.6217616156, 1579263.9091321744, 1570503.3845807076, 1390585.392337024, 1386151.3923370242, 1380071.5270231534, 1378698.0658641774, 1376688.0658641774],12.605754952918781
17,[4915358.57822237, 4715327.544787274, 4710404.147958139, 4171170.6930220653, 3735536.694176405, 3707760.7258505216, 3704624.982747834, 3670119.832264472, 3630395.674864545, 3365344.3671594583, 3128631.5401875842, 3031572.1035126075, 3010967.521294808, 3009440.1476998026, 2999441.1476998003, 2985617.5818140744, 2931631.3715904765, 2918279.737798529, 2870531.9782394962, 2785071.441649478],13.09682544936328
18,[4195347.8252554815, 4021307.8258291497, 4016731.6868722667, 3532097.180445411, 3529325.2175854454, 3492193.400555573, 3239892.7472137827, 2886300.9470875924, 2870842.2993779485, 2838267.1055831537, 2622262.2520100614, 2610956.252010063, 2562564.6758775655, 2498332.052700744, 2421649.302877186, 2403772.2128051235, 2402586.9418586805, 2321635.302452449, 2278841.861564214, 2268326.1336185713],12.814998182107294
19,[1847925.0760263805, 1767681.2918783256, 1765800.6422662716, 1652329.9617964851, 1650938.2290334203, 1441429.4212817608, 1427887.2086736977, 1291302.3460359024, 1250762.1701520751, 1249970.0592653954, 1227592.1058831792, 1135006.2451206467, 1104762.8367863693, 1099108.836786369, 1042552.7391052046, 1033139.3514571537, 1032657.8217203452, 1004519.4989573588, 998357.4135438788, 993260.5735858884],12.833114570951434
20,[1494768.406865338, 1400220.0758356724, 1340719.5098330104, 1174875.1980248224, 1173764.3013502667, 1172752.990113354, 1162100.9215989988, 1141917.0007449111, 1032559.9993586018, 1000507.3779480353, 1000003.4969223373, 952265.458230273, 875945.5666676111, 872067.566667611, 865550.2166129756, 859661.9229819806, 859224.2654112714, 834840.8140809545, 812268.0073647023, 804702.0073647024],12.779164299551871
21,[1195383.280208527, 1189628.8195908635, 1113235.8833860976, 1020881.9931384221, 1008487.3994047568, 887747.9143947406, 873988.4949937194, 839382.7608978811, 838843.751662969, 775057.5314114761, 767452.5853816654, 730722.851340235, 725620.3145537691, 716075.4917688698, 715648.82124013, 714645.956683079, 697167.4081303705, 693869.6464261627, 693250.4666679937, 689828.4666679937],12.951462530505317
22,[415552.70337995223, 365986.2614961449, 360748.4950310758, 359342.9445371638, 358944.9445371638, 332128.8387339172, 331110.8387339172, 311876.6073136841, 311344.6073136839, 306484.4791073898, 302237.31088301534, 290522.35886583175, 290117.35886583175, 287257.8193448525, 286342.29399101855, 285850.2170393753, 284125.99263076216, 276222.4268132112, 275193.4268132112, 272010.3095446709],13.581372605367726
