6,[2136665.4914953317, 1901405.1471583082, 1800115.6855292616, 1570818.0365215535, 1526916.7048017182, 1385819.4864245027, 1384057.4316403863, 1379575.4316403863, 1378152.4316403863, 1374943.0146557176, 1371164.0146557176, 1228560.4194286678, 1226215.4194286675, 1221520.4194286678, 1094997.0018040193, 1093887.0018040193, 997867.3999044466, 996131.3999044466, 984378.4507876367, 982717.4507876367],12.098936233090802
7,[5962452.0, 5744764.482522948, 5727399.409713059, 5162942.409713054, 4915264.857804412, 4717900.145058341, 4348751.648944899, 4339787.505272405, 4073499.3789030924, 3712293.070527699, 3706774.070527699, 3697166.6629265086, 3694966.6629265086, 3314907.777116254, 3096953.853972603, 3088349.853972603, 3082722.853972603, 3079264.8539726026, 2673995.007032895, 2669678.759644746],12.298542322918731
8,[5890322.458436774, 5396241.402643208, 4857233.40264321, 4807265.090427028, 4703572.12442756, 4523439.964943606, 4505852.251418643, 4134290.7927028425, 3922511.8716143994, 3914778.8716143984, 3903189.0823839973, 3531283.9563301546, 3507386.7731444687, 3471534.7731444687, 3115170.865087102, 2841379.174268644, 2832490.174268644, 2827262.1742686452, 2815088.1742686443, 2811274.1742686443],12.615417653998946
9,[2323402.0, 2230394.0055164583, 2098827.2611193135, 2090588.4629676642, 2040197.7237354766, 2027299.4874444054, 1900240.1690295143, 1854129.0663931624, 1845340.0663931624, 1675426.8105346211, 1503658.9374157905, 1421950.307853994, 1419571.307853994, 1417076.307853994, 1414194.3078539937, 1413184.3078539937, 1259503.6595980672, 1140090.7545441054, 1112352.717684104, 1108458.717684104],13.009534228222424
10,[1396479.0, 1312706.5946083632, 1184587.0822813169, 1128133.43896635, 1124583.3265699022, 1122140.326569902, 1120644.3265699022, 1057610.3813040785, 1056852.3813040783, 1028903.1373389874, 1023153.6067582343, 1022101.6067582343, 914954.1866850347, 894636.0587275124, 830273.3205015702, 829367.3205015705, 827916.3205015704, 826617.3205015704, 818637.7996233425, 817303.7996233425],13.133819528621649
11,[1360422.0, 1229777.0, 1175117.115794636, 1097895.6617563604, 1094575.7186529548, 1093307.7186529546, 1092691.7186529543, 1090713.7186529548, 1065427.892935195, 1060330.3051813757, 997560.5629716744, 892367.8127360796, 891605.8127360794, 890615.8127360793, 869482.4423240949, 806909.141724332, 805752.141724332, 804262.141724332, 802813.141724332, 795451.1047198848],13.173403129142496
12,[1535537.0, 1443396.7315722185, 1302102.6444360332, 1243093.3233355996, 1241674.3233355994, 1237798.5442479022, 1235166.544247903, 1234447.544247903, 1209024.543807548, 1143564.2437955944, 1112539.0466097621, 1106636.5443835084, 995493.7336565368, 994361.7336565368, 993410.7336565367, 924974.0525202354, 923508.0525202354, 914089.2655715053, 912575.2655715053, 911113.2655715053],13.284155024588799
13,[1546520.1367721863, 1392142.6153333602, 1238895.312745634, 1110214.3127456356, 1108753.3127456356, 1103424.117533929, 1075167.9551281051, 1069369.2283813728, 1067142.2283813728, 1065258.9081836438, 1064520.9081836438, 1062954.9081836436, 1037653.0718871814, 1036793.0718871815, 1035973.0718871814, 933452.1788793213, 895258.613742198, 894737.613742198, 886431.1120045021, 885206.112004502],13.152158618294902
14,[1610620.9956078257, 1547105.930384642, 1389298.8094328232, 1247151.2758797316, 1108661.1264237294, 1107298.1264237294, 1103723.859315144, 1071602.111254259, 1069738.2520245244, 1068919.2520245244, 1068084.2520245241, 1064926.7387176233, 1059555.651482881, 960441.0758708672, 959174.0758708671, 958320.0758708671, 917098.6745742349, 916580.6745742349, 914956.6745742349, 913659.6745742349],13.113404775650068
15,[1955154.3533795332, 1847758.0106848937, 1663017.6031690158, 1493575.3827516623, 1453043.006431002, 1366520.6177977636, 1361799.8435109728, 1360033.843510973, 1358848.8435109728, 1222980.8020242355, 1222137.8020242355, 1188930.4235559048, 1183602.9337207675, 1179994.6184905113, 1100391.5976504274, 1099344.5976504274, 1097512.5976504271, 1095915.597650427, 1085092.096922242, 1084507.8490052635],12.94683325007211
16,[2592190.0, 2341899.0, 2241635.359004064, 2234850.5679084337, 1996639.2130113298, 1860493.1374016912, 1857980.137401691, 1856971.137401691, 1729750.6635077796, 1725236.6635077796, 1626682.7714536022, 1607281.0971448978, 1598085.2221828413, 1564668.803761507, 1562030.8037615072, 1560325.8037615072, 1558581.8037615072, 1380891.7001621826, 1367080.714671019, 1363407.7146710185],12.526024708584076
17,[5147975.342207785, 4898747.929769852, 4790380.990754869, 4521697.126764995, 4238689.358509368, 4231738.970443172, 4224707.970443174, 3815730.219839757, 3500050.659132544, 3189403.855508854, 3183785.285230584, 3178767.285230584, 3165186.3661645455, 2914366.637540636, 2753546.3655954152, 2751855.3655954152, 2745324.3655954152, 2440208.5231754226, 2432084.523175422, 2419655.7610807987],13.199111046161333
18,[4423418.308224276, 4417722.88464974, 4072865.188137068, 3854051.355991805, 3833916.0481710215, 3820875.1962131774, 3815549.2976314514, 3810955.297631451, 3421453.8542519878, 3167501.915349743, 2859334.7108441764, 2854586.7108441754, 2844816.007773832, 2825818.0806608014, 2817657.0806608014, 2589253.3685973566, 2586068.3685973566, 2571763.181023747, 2570650.181023747, 2564841.1810237463],14.272076586385632
19,[1944874.2168691955, 1942428.3136470781, 1809579.7067750501, 1803236.100088946, 1753699.4913068996, 1750013.7745778572, 1582475.7564110477, 1538023.4898503458, 1445783.658533397, 1444205.658533397, 1293179.2045336696, 1157223.1013841154, 1154584.1013841152, 1152020.8202445272, 1143788.879306643, 1142312.879306643, 1139944.879306643, 1139308.879306643, 1138599.8793066433, 1033235.3442078858],14.062086592073102
20,[1567728.9540265107, 1557965.3519136433, 1450417.3980794447, 1320832.567791564, 1191051.9106435932, 1156689.7854474892, 1153996.7056137912, 1032231.8782738156, 966298.7842024621, 938143.1789273937, 936193.1789273936, 934862.1789273934, 929685.3508740163, 925742.4270846064, 925074.4270846064, 825775.9815801864, 729974.8160230259, 729260.8160230259, 727941.8160230259, 727127.8160230259],12.715534601322787
21,[1229803.006423317, 1117113.978887543, 1077390.151127074, 1074849.1875861578, 967017.7339520572, 910453.0855047678, 817424.0706312923, 807063.7801609514, 800803.6775513493, 799836.6775513493, 795132.6775513493, 777256.8720115874, 696248.8094587254, 695767.8094587254, 671611.8594662416, 669998.8594662416, 597317.5366593589, 595580.536659359, 595011.5366593589, 553289.1610578184],12.46218618828114
22,[440985.6446923936, 414935.6268283442, 408809.14101379586, 373958.1810449241, 371397.3134292416, 366792.6480718603, 331821.51887887344, 327083.1804833479, 304141.74214707856, 303902.74214707856, 273915.0373690434, 273213.79968144913, 272642.0614790193, 272252.0614790193, 262251.0663438428, 261599.23562361856, 259222.10129152244, 257419.4785987037, 247488.91313170656, 246959.6992091988],13.511112819596747
