6,[2162006.244445866, 2154827.7672529435, 2065975.9971369237, 2017467.5116442728, 2014314.2280439115, 2009763.0495881287, 1993626.9421364046, 1987485.0788860351, 1983862.4712598824, 1783107.4734435894, 1772994.4709028485, 1754213.6246441894, 1503634.6601801147, 1502990.2841027363, 1454596.3782480047, 1259497.7259154057, 1257039.7259154057, 1254092.8710308368, 1251654.8710308368, 1250494.9897112143],15.409524774361213
7,[6294577.488564157, 6264318.432427852, 6143191.046306736, 6083205.309866319, 5285114.986097941, 5250218.725183464, 5113675.958956332, 5079837.997542961, 5064849.376534725, 5051788.666145872, 5037915.704011194, 4824791.982122758, 4786508.130846797, 4773269.313068658, 4624487.26969565, 4615578.589964301, 4601785.5899643, 4182567.805411364, 3861983.604622699, 3854965.6046226993],15.340051596143837
8,[5958262.01398342, 5923530.650960195, 5881712.41588064, 5773720.840706805, 5735152.190715285, 5673035.550639509, 5546554.311377536, 4943690.352541756, 4929708.824641424, 4885995.613724426, 4864809.749966799, 4851834.0975063685, 4650361.379819041, 4639064.482489931, 4622859.378097783, 4461506.175150009, 4136130.831969365, 3879879.110664659, 3872498.745847318, 3863385.113655886],15.963265049973863
9,[2464393.369793021, 2442473.7253736937, 2425421.2939049974, 2407996.5171043514, 2375018.44999751, 2296092.2477345495, 2273440.2143057412, 2266145.284750325, 2246351.421886121, 2200070.088083949, 2180122.630968909, 1932018.7839946712, 1923155.864150704, 1917293.8488198135, 1914659.617915878, 1757109.636217784, 1695819.4215431046, 1687687.7811480307, 1682490.1734238798, 1676921.6451304988],16.31850415487069
10,[1492605.1197344854, 1479126.4687073964, 1467954.8723335078, 1457808.5046622173, 1439378.6141183407, 1383228.2177827714, 1375827.5860592194, 1375187.8555542165, 1364626.2940536852, 1353813.705155994, 1194105.965119732, 1168745.8030933153, 1162517.104548997, 1126406.9290429968, 1027015.1655170438, 1023482.7989662485, 1021852.3442243118, 1017217.4651253888, 1014123.0540114328, 1011437.3919936738],16.11663307039239
11,[1456900.8147816176, 1443666.3326442838, 1432932.1084442248, 1414088.2767782034, 1404849.4287572133, 1363744.004183513, 1356725.3007887006, 1345633.2713905682, 1331946.5997241957, 1305324.5823899435, 1148367.4434315679, 1137077.1385605047, 1133206.392580477, 1128455.6840588932, 1126794.4631457352, 1124036.738645946, 1118631.2147783353, 1020102.3368510152, 987314.7801776086, 984088.7089681142],16.379141183161405
12,[1639492.5283121874, 1623740.9600326908, 1611340.890932157, 1589946.5760252716, 1578810.9687337803, 1566455.5275310993, 1520263.7431517097, 1512994.2394743357, 1501711.0870930222, 1471281.7362580283, 1456389.1978610903, 1281743.4302735734, 1277509.078533769, 1270342.4149632142, 1267102.71958337, 1260796.6704836043, 1258647.565606568, 1151354.2362955757, 1114770.5957857242, 1111105.0506930256],16.48633885503173
13,[1571785.9267272803, 1555865.3557074748, 1542867.1874004847, 1531624.5291313813, 1510154.8824129978, 1498430.8265538302, 1488081.5524510946, 1458305.841984376, 1414617.2891107078, 1394302.6958358742, 1393673.4513724777, 1389016.648219317, 1225527.507399992, 1222022.7302744135, 1215182.6385166862, 1208454.3006788532, 1200498.5283415888, 1198821.855644805, 1194458.0612002627, 1092842.8493177597],16.696516312678213
14,[1619743.8496886622, 1604956.4551069303, 1592395.855971197, 1581998.7835710975, 1562432.4754020507, 1551128.8187680063, 1540738.420066318, 1511865.6622991643, 1454158.702242153, 1445818.1016150904, 1273463.4702413424, 1272872.6692468813, 1268282.6460517775, 1261310.4136491583, 1258203.3168900765, 1250743.4880071918, 1141867.1873747916, 1133758.5654136278, 1131418.5654136282, 1129643.4643575156],16.40106284040412
15,[1969149.2700593825, 1952940.308374081, 1938266.4934279064, 1915156.4009884472, 1903743.8775581243, 1831424.6640270099, 1818429.3627562858, 1808974.3189257002, 1808249.4946231646, 1774376.261131681, 1561454.6047870023, 1547277.466268177, 1541697.250628629, 1402015.2469629922, 1397998.6117788292, 1391544.0387379604, 1384128.084178606, 1382236.1768386576, 1379423.1768386576, 1334921.7354091587],16.192462090464804
16,[2748782.2799076973, 2728351.699133398, 2626025.2076347717, 2606743.176306234, 2600359.003722576, 2592879.123269357, 2565627.6414706837, 2549822.9985398166, 2530370.0025955793, 2480393.43294155, 2275498.1790386764, 2268229.518769675, 1994876.7681907425, 1975820.2828289, 1970521.0975156312, 1907489.7469879375, 1902244.6988890835, 1898913.044065826, 1891535.3121330128, 1886897.7880342223],16.173676515076533
17,[5133652.486047359, 5104335.72430393, 5020265.289589358, 4987871.855880716, 4957619.968915691, 4911916.852381047, 4801090.736599218, 4789128.820755108, 4239787.69213767, 4067567.214010538, 4056180.228084408, 4045155.83163935, 4030980.206272141, 4011160.575536544, 3975778.531247913, 3854207.3138580006, 3534845.8796780766, 3524930.403262558, 3520041.0923820417, 3510042.0923820417],16.10534732659139
18,[4396776.578886391, 4369189.553642415, 4334907.588943885, 4240001.49914132, 4210759.506235597, 4161795.946523009, 4063573.2681627525, 4054110.4515682817, 3561681.7787230164, 3552807.9659585585, 3537742.020738762, 3503675.1401546746, 3360417.6015211204, 3352919.2146813115, 3339099.1167455064, 3229269.320368779, 3217963.3203687784, 3194388.842910454, 2986384.6818143935, 2743223.7478377223],15.941472292244722
19,[1936648.5239184285, 1924115.9353557539, 1909578.5878265835, 1869900.197803407, 1857497.0885922215, 1839234.5369035308, 1795020.5472425853, 1790784.2678181548, 1775927.9757498505, 1771411.1607138189, 1557622.7360640566, 1552051.2778874605, 1504092.435065099, 1479393.3634467407, 1478573.9717355506, 1468344.1433609196, 1419974.5031967876, 1322339.559432781, 1316685.5594327813, 1197901.6036451804],16.16266994019317
20,[1566913.824024281, 1552936.7021701983, 1539446.2394544396, 1529282.2638470493, 1501216.354125508, 1487643.9755460997, 1476930.0101890827, 1443111.4995784634, 1274006.5069063883, 1271457.3452775464, 1268224.8942048128, 1263934.0363789925, 1255230.356276175, 1216835.7983760538, 1196928.8856971092, 1196293.2846179996, 1091501.8001124014, 1052234.818409705, 1048356.818409706, 1045459.4866989698],16.12091441217002
21,[1253326.4020056657, 1240077.8720779356, 1227738.5764933974, 1219034.5487392687, 1209568.9895617825, 1187553.330106668, 1177073.9414893894, 1171052.6968116283, 1137375.4983818764, 1131566.1080411316, 1010614.1836605186, 1000289.1600989484, 977238.4911976825, 975983.8009742055, 942364.9430677136, 939197.0236488265, 857675.6223216915, 854602.3210604404, 849176.4751371006, 847816.373249004],16.266542286012534
22,[442121.0794873994, 438437.4280104352, 430832.14846438257, 407500.6449606583, 402634.63341495773, 397874.23249656695, 368799.8846299006, 368218.4703939963, 366761.6663464729, 366363.6663464729, 364425.5739784271, 363407.5739784273, 354287.3074612756, 353755.3074612756, 343891.705436111, 342309.215326476, 314052.3569014661, 313647.35690146603, 312085.2808107403, 307689.8374720644],15.855984474477498
