6,[1080087.0, 1079279.0, 1064925.0, 1064909.0, 1064905.0, 1061637.0, 1058896.0, 1054405.0, 1053782.0, 1053620.0, 1052919.9977664943, 863958.716039048, 863446.7708751047, 861377.999906365, 859510.999906365, 858856.999906365, 858310.999906365, 856320.0384056374, 830308.7041735121, 830010.5096385899],13.61604585140856
7,[1440436.0, 1438885.0, 1435082.0, 1419990.0, 1419989.0, 1415508.0, 1404509.0, 1404505.0, 1403123.0, 1402769.0, 1172119.0, 1171254.9340945205, 1168313.9340945205, 1165241.1688318476, 1164407.8348229188, 1163122.8348229188, 1160151.9957984758, 1159698.691875333, 1148541.6211556413, 1147663.3460280113],14.17088622929606
8,[1630135.0, 1617656.0, 1595809.0, 1595798.0, 1595794.0, 1595777.0, 1595772.0, 1591306.0, 1588916.0, 1588425.0, 1551811.3484529622, 1523557.7150849833, 1519361.1888752028, 1517976.0664030956, 1516044.7216668022, 1505067.6778413272, 1483172.2628977266, 1482182.3802809187, 1481009.9954476012, 1472974.8928465613],16.00937314042666
9,[1581708.0, 1570900.0, 1570892.0, 1565455.0, 1551635.0, 1551628.0, 1551623.0, 1547751.0, 1544486.0, 1543875.0, 1515644.432300643, 1508268.510903606, 1471312.5791724552, 1469763.8216811994, 1467861.6313252207, 1457551.216999488, 1434958.1131974028, 1433861.949991781, 1433255.4003046288, 1412026.1719482848],16.0334479241263
10,[1672160.0, 1660288.0, 1660284.0, 1639981.0, 1639966.0, 1639955.0, 1639948.0, 1635024.0, 1630997.0, 1630348.0, 1590094.6461173706, 1588647.8702404145, 1559601.334964486, 1557793.4442633246, 1548473.443058313, 1335752.4815718743, 1160644.3376593469, 1138343.625638026, 1137454.1722716857, 1126426.7861955974],15.109372709601963
11,[1602684.0, 1581898.0, 1570617.0, 1570604.0, 1570600.0, 1570599.0, 1570593.0, 1565336.0, 1560218.0, 1559670.0, 1526204.917966811, 1489751.8381506624, 1482873.809840192, 1479562.6210721266, 1479112.331856127, 1455245.915048922, 1443742.5217420743, 1442860.1377841372, 1441965.472712891, 1418641.4381369776],15.893950286677466
12,[1684715.0, 1676685.0, 1676685.0, 1672581.0, 1661630.0, 1661629.0, 1661619.0, 1658408.0, 1653728.0, 1618210.2301071358, 1617709.2301071358, 1610956.2788103921, 1585258.913392794, 1378711.255840038, 1365668.6399691037, 1338675.130676364, 1315967.196904522, 1312322.1969045217, 1308171.0148062168, 1298215.1073085042],15.697879083421148
13,[1832801.0, 1797701.3996910811, 1794056.3996910814, 1781027.0834463662, 1779267.0834463662, 1776199.0834463662, 1761726.1076849506, 1761004.1219274022, 1756861.121927402, 1754188.121927402, 1728224.2276636858, 1728080.2276636858, 1701337.731200641, 1483960.6958205774, 1476420.42466925, 1447378.3620735472, 1439217.9919641474, 1436738.9919641477, 1421301.1578061744, 1420773.4414378682],15.809900717147636
14,[1991048.0869121975, 1977573.2036088798, 1741322.7619159366, 1733031.061590469, 1726151.1130002816, 1722931.1130002816, 1721254.1130002816, 1691718.6774457248, 1657651.667549144, 1642583.303818254, 1642040.9154875677, 1620479.110837886, 1612712.1278999834, 1610201.127899983, 1602467.259695829, 1599351.2596958291, 1402847.4346257865, 1400338.4346257863, 1400205.4346257863, 1390213.8416775672],16.18774786512793
15,[1930530.1874970463, 1916952.6258367035, 1902385.8529766176, 1901515.5968248083, 1866792.1977696083, 1834903.8435411812, 1828046.7477269133, 1813207.1731544123, 1812745.9150661235, 1803667.5881542685, 1782046.5709688563, 1578942.8698343898, 1387530.449460041, 1385520.449460041, 1374806.4340065944, 1370134.9385172524, 1368968.9385172524, 1364625.909100039, 1208000.2788595685, 1204936.3149737625],16.560753764144334
16,[1955468.8333282173, 1941524.2026967383, 1925771.4101764031, 1924779.2405230682, 1888345.1090203892, 1865049.5571222082, 1856595.3387523554, 1848573.9226485465, 1817664.09672892, 1813158.8080360324, 1802261.590847693, 1787475.1985153113, 1580472.1873634853, 1575610.793045455, 1567601.8537025738, 1565062.265022589, 1560586.7347701322, 1558455.7992761333, 1556302.7992761333, 1390044.539834108],17.40309770011548
17,[1884948.936612298, 1871680.117839916, 1854934.4391195178, 1854040.0744662394, 1817466.8170244072, 1808457.4608482704, 1801764.2137939846, 1778117.8282421706, 1750285.6698024634, 1562440.7656302012, 1548632.1433821009, 1547950.9220942988, 1533832.0380985588, 1533300.9392995455, 1335684.3084983637, 1328861.7123940126, 1326881.7123940128, 1323186.9046580459, 1320067.7439230548, 1317309.743923055],16.647880829662064
18,[1592956.8303835837, 1582471.146231808, 1569466.6961465168, 1568842.4514764906, 1563506.6101590658, 1532980.6786844588, 1506769.7705313696, 1498949.8152280701, 1480114.281818903, 1476543.1736137338, 1468075.600441646, 1460407.4533682426, 1285309.9918198208, 1133858.745656484, 1133362.1904124024, 1129984.171578671, 1125705.4471463365, 1123075.8779405304, 1120818.8779405314, 1118705.9254626501],16.875277643277155
19,[1443040.3411526754, 1431128.0627668172, 1430512.3979697847, 1421615.4057164935, 1416123.9601527, 1241451.3593940584, 1241025.9151232005, 1215132.092920636, 1213398.092920636, 1207302.236184026, 1183059.1189977627, 1171555.1782204532, 1171162.302023394, 1170631.302023394, 1156259.663083344, 1155628.6630833435, 1151680.0883213726, 1148114.9868716954, 1144155.0879143865, 1141996.9604172613],16.826462299515715
20,[1270812.380917506, 1259161.7315978454, 1080483.8339695372, 1079758.16717974, 1078650.9975845055, 1078233.1718300201, 1076492.17183002, 1075972.1718300201, 1068507.0217321105, 1067939.0217321105, 1042921.2943098018, 1042357.2943098018, 1036454.4236619972, 1009269.143628987, 1006710.3715266718, 1006404.684625592, 993979.1391773829, 991114.933915356, 988030.7784242618, 985504.6935068317],16.315905963943194
21,[1013786.9825553459, 863840.5891897692, 860511.1260270012, 859615.0143483095, 859260.1326585341, 858777.0553178766, 857343.0553178766, 856937.0553178766, 851174.3111500341, 850635.3111500341, 850147.3111500341, 828070.3369103658, 823007.010071579, 807255.7053388648, 805057.6695006116, 799801.7685352152, 783538.4800605081, 781702.1702091417, 780497.2620761028, 777908.7018598112],16.11647225198456
22,[397283.63434171595, 396200.7494116741, 392969.16018199717, 388420.4931925439, 387093.4193847707, 331925.10522901145, 330460.10522901145, 327193.21726305515, 326874.21726305515, 326458.21726305515, 313772.3280552406, 313236.32805524056, 301096.9010690397, 300835.365449324, 298531.71499422216, 266590.5387934518, 265517.80577086745, 265128.8057708675, 260769.08310981037, 260052.08310981037],15.607653974709374
