6,[2099383.5237369733, 2087533.8438119614, 1925139.5785957293, 1915461.6212070147, 1902578.1982574135, 1774041.9972083105, 1562192.8186582963, 1494225.067290407, 1491133.2090929004, 1487630.2090929006, 1485192.2090929006, 1475894.545902717, 1474281.5459027167, 1473505.734201402, 1455753.709676617, 1439827.4971098194, 1434683.4971098201, 1433923.4971098204],13.162440856853252
7,[6161939.868648445, 5761752.633298035, 5720620.453256051, 5586779.692007554, 5303610.798442496, 4782974.110032293, 4565983.7369454, 4559227.503595958, 4551018.503595958, 4545499.503595958, 4510529.087915464, 4508124.087915464, 4505612.456825571, 4441874.442072, 4389184.321008826, 4380534.321008826, 4378334.321008826],12.579146987006702
8,[5846631.262246577, 5490342.450496503, 5445103.084033203, 5311104.153278593, 5107202.050725667, 4716964.648745927, 4533087.136754259, 4526000.299006547, 4519640.299006549, 4514412.299006548, 4475607.3512295, 4474211.351229499, 4472284.888360924, 4396652.712299311, 4387721.712299311, 4385605.712299311],12.340110943058622
9,[2414687.3672820353, 2244587.834334208, 2230463.47483867, 2174764.654133676, 2078715.2933136723, 1899167.2650697038, 1831175.7411200597, 1828040.189270262, 1825886.189270262, 1823391.1892702617, 1804946.5839582626, 1804547.5839582626, 1803174.0903650823, 1773050.7551022894, 1747633.6383743982, 1745956.6383743982, 1744946.6383743982],12.806063710210973
10,[1462663.3468131628, 1362076.7987254101, 1354822.4067335245, 1319986.5479225381, 1257494.1631550984, 1134082.648626801, 1097210.7744775964, 1095715.820903538, 1094404.820903538, 1092908.820903538, 1081695.8929151779, 1081535.8929151779, 1080977.2290517727, 1061781.9919537818, 1059999.9919537818, 1059241.9919537818],12.074076723667249
11,[1426323.2975778917, 1328657.915906721, 1321074.7443660735, 1288048.9861564664, 1224974.3020917228, 1101509.443747576, 1063094.35322513, 1061645.0322701144, 1060204.0322701144, 1058936.0322701146, 1047944.741828431, 1047661.741828431, 1047031.1195072819, 1028447.8016131459, 1014363.6579607116, 1012841.6579607115, 1012225.6579607116],12.662730282992808
12,[1603105.5302151968, 1495984.1749708233, 1487701.2824579645, 1449659.442531774, 1381324.654564002, 1246043.590951197, 1204331.1360815982, 1202537.6640155385, 1201015.6640155388, 1199596.6640155388, 1186860.1150968827, 1186674.1150968827, 1186042.5136832332, 1164960.1540183977, 1163684.1540183981, 1162965.1540183981],12.055265409721502
13,[1536908.8901803708, 1436067.4251959468, 1428023.0603466078, 1389593.9037556606, 1324456.772907287, 1195500.5522458283, 1155728.5740956138, 1153840.1098243722, 1152423.1098243725, 1150962.109824372, 1139180.177725733, 1138954.177725733, 1138419.8908262497, 1115488.7151358256, 1113888.715135826, 1113150.715135826],12.034871409433062
14,[1586107.6694756513, 1480154.829157389, 1472436.1998054974, 1434626.3690073183, 1366445.9641619946, 1233609.3353280926, 1194255.7064510125, 1192412.8280168478, 1190673.8280168478, 1189310.8280168478, 1177534.5392561413, 1177000.5392561413, 1176405.8074412404, 1154265.2215644869, 1153150.2215644869, 1152331.2215644869],12.087136727293117
15,[1928765.3818002057, 1796390.6411137201, 1787235.1620630831, 1744572.090919288, 1655933.684442169, 1496127.7946450727, 1446710.9445967649, 1444305.558927664, 1442537.5589276643, 1440771.5589276643, 1426742.6579582752, 1425938.6579582754, 1425158.3380906025, 1399826.5679294486, 1382424.3093290194, 1381133.3093290196, 1380290.3093290196],12.743322291000561
16,[2694944.5181353022, 2680524.994511393, 2624539.371695351, 2352008.5831614914, 2127901.6984458677, 2053418.539246048, 2050464.9513516298, 2046791.9513516298, 2044278.9513516298, 1999084.4675984154, 1997957.4675984154, 1993051.733482666, 1960676.8141798566, 1936757.6910220203, 1932656.6910220203, 1931647.6910220203],12.104123747122934
17,[5036229.328099615, 4717930.384574889, 4685716.9752341425, 4572427.830340226, 4364863.845415886, 3988586.8162044547, 3828535.639497995, 3822865.7105459836, 3816415.710545984, 3811397.7105459846, 3773035.8227402302, 3771375.8227402302, 3768410.520948962, 3708915.4635902527, 3701816.463590253, 3700125.463590253],12.17466421837489
18,[4306572.111674756, 4044334.5398939266, 4008870.0468200394, 3895293.2677579555, 3729580.0236866176, 3420535.447411629, 3277502.870557802, 3272925.239626879, 3268074.239626879, 3264889.2396268793, 3234604.8335486595, 3233550.8335486595, 3232326.753636553, 3173937.1763705793, 3167296.176370579, 3166183.176370579],12.094748913092962
19,[1897896.3514069177, 1780376.0913455838, 1767271.9955321534, 1690653.1404422424, 1640309.2253662453, 1639112.2253662453, 1497748.9771461042, 1433154.7750748685, 1430855.892533946, 1429013.8925339463, 1427537.8925339465, 1415255.6683027635, 1414778.6683027635, 1414051.860407011, 1388391.5968156087, 1385329.5968156084, 1384693.5968156084],12.842707285605695
20,[1532509.1155059692, 1439558.7095268583, 1429736.5056313002, 1367224.6923440278, 1327860.9593901492, 1327146.9593901495, 1217224.77923211, 1170000.6283706285, 1168315.505506429, 1166580.5055064294, 1165261.5055064294, 1154421.3840138786, 1154151.3840138786, 1153676.181769338, 1130947.286755839, 1128624.286755839, 1128219.286755839],12.982068482420564
21,[1226558.6426215726, 1150158.4414745348, 1142821.19626301, 1096825.6000248324, 1064639.5565614142, 1064070.5565614142, 981770.509819732, 948103.3232601815, 946352.9988055627, 944906.9988055627, 943823.9988055627, 934515.3846199343, 934222.3846199343, 933712.55707595, 911689.3142998901, 910324.3142998901, 909931.3142998901],13.072263086292006
22,[434922.1488569818, 409164.09991238685, 406849.07094818476, 395763.5371952655, 388896.4658389938, 373338.5964331245, 373197.5964331245, 350410.85826075816, 350229.336016122, 349617.3688847655, 349406.3688847655, 349090.3688847655, 345326.7685947716, 345296.7685947716, 345137.65204684087, 345101.65204684087, 344960.65204684087],13.480771845874898
