6,[2075764.0151684359, 2072238.1527921055, 2016244.9222164743, 2006904.4953200968, 2000026.2604132022, 1986577.3763356872, 1827422.343013258, 1816452.2273980991, 1815530.5706567266, 1761804.8328762925, 1633620.6854943251, 1474277.1774216243, 1441150.2322282759, 1437647.2322282756, 1435209.232228276, 1434179.9640951832, 1432566.9640951836, 1427422.9640951834],13.915452889607215
7,[6085003.170006863, 6077204.959991691, 5912431.036746256, 5882552.620333045, 5737829.266928267, 5355449.040645167, 5315304.380945941, 5312397.743871584, 5167748.66130946, 4885442.625368374, 4495052.10806465, 4381334.690087862, 4373125.690087861, 4367606.69008786, 4363040.923948937, 4360635.923948937, 4351985.923948936],13.152990686558915
8,[5805829.914733895, 5798217.572302481, 5631019.822384377, 5602304.719220523, 5460409.40517022, 5116098.345146524, 5072962.683635357, 5070678.387613122, 4936004.005788813, 4732733.096411967, 4453124.608125116, 4446764.608125116, 4441536.608125117, 4364898.762985886, 4363502.762985886, 4354571.762985884],12.831135127369556
9,[2404918.677359694, 2401539.733729651, 2335112.619558778, 2325610.978197665, 2266360.140363112, 2101812.268384976, 2081655.0242757068, 2080109.2824473134, 2023009.5359686096, 1927236.6356629187, 1795674.0677228917, 1742563.2480528767, 1740409.2480528764, 1737914.2480528767, 1734903.823651506, 1734504.823651506, 1732827.8236515063],13.349572714418908
10,[1460884.630569918, 1459148.0262317737, 1420313.1555518464, 1414498.3533303714, 1378303.1242175684, 1280243.0262562747, 1267691.761693679, 1267012.0627635866, 1231145.69659907, 1168885.3028238728, 1077052.4248364242, 1075741.4248364244, 1074245.4248364246, 1054985.4151982914, 1054825.4151982914, 1053043.415198291],12.746615033695457
11,[1421686.465508747, 1419989.8918604269, 1382027.2826678131, 1376071.8713631518, 1341633.2206907596, 1246764.1082906518, 1234388.2169663606, 1233654.434907122, 1199688.0060235537, 1136841.182584915, 1044099.2799390154, 1013215.3019426377, 1011774.3019426377, 1010506.3019426377, 1008508.2680601797, 1008225.2680601797, 1006703.2680601795],13.291596008515668
12,[1601471.7821871717, 1599476.583313114, 1555233.879970726, 1548617.2312853544, 1509215.6334988957, 1404753.5708347023, 1390700.4570720815, 1389956.3114221664, 1351370.7830371961, 1283264.5504449778, 1181579.9044663634, 1180057.9044663636, 1178638.9044663638, 1157490.0096389062, 1157304.0096389058, 1156028.009638907],12.714743369310023
13,[1537073.0449631687, 1534929.047340053, 1490563.7000195428, 1484596.6657820642, 1444603.9650116162, 1346500.5322019877, 1333368.5844514854, 1332736.6315154077, 1296428.8887238784, 1231507.8832178884, 1134305.8798460888, 1132888.879846089, 1131427.879846088, 1108626.6037423252, 1108400.6037423252, 1106800.6037423252],12.690448756096792
14,[1585921.7216710558, 1583856.6427080398, 1540584.3179352775, 1534576.0251727663, 1494981.076097073, 1391978.5174607371, 1378792.377762055, 1378129.4911442818, 1341105.2556562526, 1273100.8148294094, 1172912.5465232842, 1171173.5465232842, 1169810.5465232846, 1147793.7973247836, 1147259.797324784, 1146144.7973247846],12.757405128248802
15,[1921973.520508174, 1919235.7432347783, 1870853.6295807655, 1864182.273749825, 1819715.758579432, 1690656.7569660472, 1675080.7176040937, 1674208.2994037806, 1628663.2783664293, 1540278.9673841887, 1420116.8661738208, 1379840.031051016, 1378072.031051016, 1376306.0310510162, 1373584.2838022443, 1372780.2838022443, 1371489.2838022446],13.366733094054158
16,[2675820.8869902305, 2672491.8184465463, 2609392.74305628, 2599156.004616967, 2543118.5394088756, 2402103.4333791053, 2379401.393446167, 2315915.801364941, 2154807.4668058325, 1988552.7656200195, 1935836.0929698038, 1932163.0929698038, 1929650.0929698038, 1925647.4423034873, 1924520.4423034873, 1920419.4423034869],12.6252842030308
17,[4989299.552426924, 4983067.061015758, 4852284.792152571, 4829260.006249621, 4709826.235356881, 4402011.209484697, 4359900.857964275, 4356615.197402364, 4240154.083405263, 4033144.5200036988, 3757572.071153968, 3751122.071153968, 3746104.0711539676, 3686170.3815513947, 3684510.3815513942, 3677411.3815513942],12.734071313837278
18,[4275000.115151642, 4269998.3313293345, 4139437.576144427, 4115593.8854067856, 3995420.866701068, 3743523.875714713, 3710372.7869370217, 3708888.282644627, 3609341.828042543, 3444092.097676902, 3219592.8649626095, 3214741.86496261, 3211556.86496261, 3152539.7853213903, 3151485.7853213903, 3144844.7853213903],12.618081989475613
19,[1878626.2743633806, 1876208.8182800303, 1823348.2368301419, 1814435.7858422382, 1760603.5791607108, 1647695.1289824238, 1571704.6928459718, 1558304.4500390603, 1557570.6401889238, 1513373.9961978479, 1512176.9961978479, 1407460.8006873901, 1405618.8006873901, 1404142.8006873897, 1378299.897519186, 1377822.897519186, 1374760.8975191861],13.250002808394635
20,[1520435.1689895163, 1518560.2512918706, 1477824.9682130127, 1471266.226272962, 1429610.645307665, 1339879.7676151323, 1277871.321962067, 1265892.6987980944, 1265393.6015541544, 1230638.9385796424, 1229924.9385796422, 1149890.2208848922, 1148155.2208848922, 1146836.2208848924, 1124070.9226599925, 1123800.9226599925, 1121477.9226599922],13.399275948572482
21,[1223963.6426849323, 1222093.7572863312, 1187020.4597395025, 1182236.771302172, 1148195.2334322424, 1074154.042592003, 1028532.0158681716, 1018445.6432808826, 1017920.7151190412, 989822.6163239019, 989253.6163239019, 930565.5338605964, 929119.5338605964, 928036.5338605964, 906010.8528406476, 905717.8528406477, 904352.8528406477],13.487195480853659
22,[441595.4394149745, 441399.0705143623, 440756.24751155847, 426341.2659183351, 424717.620728036, 408224.85339357826, 383436.65554927284, 372531.59399031993, 368606.4907648754, 368446.5747506269, 359058.3205414461, 358917.3205414461, 343841.8941489979, 343630.8941489979, 343314.8941489979, 343284.8941489979, 343248.8941489979],14.029429662445402
