6,[2106058.0, 1956121.0, 1810115.631265344, 1721071.8354407954, 1599583.4613712705, 1474818.4776389033, 1365642.6484869483, 1259591.9449226973, 1109332.6454003116, 1088272.0491939601, 1047467.6420900543, 1043322.9037501704, 1002338.2973755031, 994713.2973755032, 994692.2973755032, 991535.6591620088],9.650486420803732
7,[5962452.0, 5823529.093355529, 5506112.4043177, 5274523.598294435, 5055413.610963608, 4633710.791579157, 4364003.3378083045, 3856812.6559405522, 3784531.483161949, 3717291.898587583, 3452772.8590194434, 3430623.126559593, 3423405.2188779796, 3390510.7167742727, 3378447.629303853, 3375811.332143724],10.414433528790562
8,[5744545.0, 5611862.987289779, 5330811.347870065, 5185243.485697147, 5149692.023656822, 4689408.653178287, 4641546.6346652685, 4130418.9759884556, 4078982.372357642, 4036477.372357642, 3771198.8769875364, 3700411.0665390166, 3671166.5494145, 3657568.7996193967, 3519228.038159066, 3514583.7871869784],11.346261872683908
9,[2379165.0, 2321853.523220209, 2221653.6824543234, 2127320.623020362, 1982659.7858045583, 1956860.7695885352, 1940270.0297362295, 1921131.3430727827, 1897112.214932776, 1680518.1708382464, 1667966.1708382464, 1522150.7221910078, 1477385.4875671654, 1451344.3870696304, 1446555.414660592, 1437646.6724899234],11.499658700755306
10,[1467015.0, 1396393.4266582383, 1324313.2724699874, 1247409.0151216437, 1173854.5318887979, 1091388.045863133, 1076116.6875498216, 1065681.827786349, 1057116.00299703, 1020525.4287328945, 1005141.3681217999, 934344.6658745252, 907529.7487727238, 824883.8784361478, 821864.1585494525, 820463.2084143832],11.129570832014474
11,[1430532.0, 1339315.018752731, 1259855.7494023496, 1209936.2054934578, 1135170.7867309935, 1096806.7977661774, 1018031.8103479254, 1004136.4356071983, 995445.1808768214, 986600.571997769, 972298.7824702747, 905745.0102463545, 879803.6382349421, 877029.7691319796, 863815.3943216413, 861416.4789067679],11.13549934671462
12,[1616415.0, 1514532.4424476887, 1454703.2388485225, 1371316.6615708754, 1289741.6295740637, 1246505.8377294221, 1238086.0376437788, 1228219.7382228405, 1152933.3992293105, 1137607.435839108, 1105725.7891243568, 1027640.7095214757, 998312.4060763058, 996911.0762600689, 984322.4067864594, 975729.0061559641],11.359890561218728
13,[1538028.0, 1461288.0132297634, 1381512.371113898, 1372908.2950854276, 1362096.3973437608, 1319514.2368433387, 1300207.9048144452, 1226163.4185305773, 1152781.5908795889, 1085466.7474766143, 1055663.6135694217, 980458.3120187547, 976902.9119341229, 950532.3275122625, 949341.7136637494, 933250.2223159855],11.645702823195457
14,[1583611.0, 1508310.9567544227, 1432013.4843803083, 1346843.5903749128, 1338290.9424859362, 1260624.024291137, 1250399.574384749, 1231629.7931800662, 1160506.789519339, 1120782.2032393436, 1044919.3723951406, 1015342.7916859104, 987923.3859432305, 986794.7637913304, 970742.1957362186, 956679.9311258086],11.412167919800773
15,[1926634.0, 1808981.1317934787, 1702531.0203191778, 1638535.2159851177, 1545502.760286014, 1438496.2112443093, 1419324.4387682404, 1367852.9132450651, 1356112.090234398, 1264086.2854680612, 1253246.2294117615, 1235099.3515759706, 1200071.5307104837, 1093234.0747315828, 1074540.5474132432, 1071536.649378204],10.974742780330102
16,[2703126.0, 2536213.566202512, 2450518.5007228246, 2370550.703926813, 2239823.095834435, 2086872.1051584426, 1963309.763945378, 1940512.8137911703, 1924326.080009698, 1909444.4879699857, 1885862.062339701, 1762856.2265017224, 1607531.933659384, 1604242.98809289, 1598805.2970835252, 1509709.820478712],11.283861456830834
17,[4930680.0, 4809716.384367359, 4580376.076577219, 4437655.145072732, 4414427.981376947, 4351912.558952134, 4142763.4360804567, 3879328.800269007, 3574778.1212547556, 3542874.725294379, 3507127.3831326277, 3452050.510594063, 3425950.365157313, 3125543.4709517136, 3121606.2179382197, 2947501.7051535165],11.646213208329621
18,[4203516.0, 4108455.571300748, 3884860.4340594504, 3859421.4696127856, 3793080.9717351194, 3681365.6604341553, 3644934.905430142, 3456769.783138296, 3176765.096760352, 3126776.752616743, 3100468.634024046, 2800739.958238507, 2685074.656513375, 2500602.9071618635, 2495325.617298869],10.970253160702143
19,[1842969.0, 1750311.0, 1709231.1150900822, 1634751.4185604462, 1547955.0823786766, 1510978.3874985205, 1507986.4884132782, 1494218.1359727352, 1379979.296192316, 1333490.888528298, 1238330.382652114, 1233944.0408241313, 1120935.622906288, 1100162.5887317744, 1090873.1159575724, 1082235.6301455176],11.13697815348041
20,[1539811.0, 1409871.0, 1378208.6899791285, 1318319.119186026, 1245719.522690168, 1234314.839327273, 1226241.9210625615, 1205211.8141610709, 1117589.4987456424, 1083842.0990253382, 1007695.33733546, 995769.0196538394, 994259.4360006454, 977962.3576275245, 970231.8508524757, 884757.9427279513],11.404417800142147
21,[1237030.0, 1147421.0, 1090424.9452096839, 1071570.043432973, 1063171.514313662, 1052637.4223054603, 1034257.9258692213, 1005532.3413995976, 899804.6757277867, 891798.6757277871, 829005.9546001473, 815890.6312380462, 814663.6328710171, 745085.0595639414, 744030.5452878369, 743511.5452878368],11.646812249175909
22,[438895.0, 408015.15601743717, 404055.6213279306, 393315.34290762333, 349517.3033032052, 344970.94487358583, 342636.6975762125, 340697.6975762124, 335297.1685277009, 335284.1685277009, 325276.8240751094, 324917.23100732616, 309385.65286364185, 306129.5071538374, 289572.53022788174, 286259.87311237096, 274651.53212607285],12.515870325203663
