6,[2099383.5237369733, 2085955.4783953314, 1923297.938680056, 1917745.486999189, 1840433.0701474878, 1831900.5116814165, 1828457.2166883724, 1822030.8783295194, 1815530.5706567266, 1780781.9309970615, 1530387.1553552274, 1529161.5106478126, 1453593.6174644502, 1258079.1928618418, 1143261.8168799642, 1137878.34714785, 1135440.3471478506, 1133265.9750838636],13.097194389119778
7,[6113411.190141849, 6017375.476190899, 5974105.5432902975, 5169787.382023792, 5100347.988335689, 5044790.169161355, 4838316.317924555, 4814691.990595986, 4807807.954913078, 4425662.867701009, 4369045.09221613, 4346884.214693617, 4118069.8938643234, 4102872.971678121, 4089079.9716781215, 3854637.1810095813, 3847619.181009582],12.332735128706233
8,[5808885.797934734, 5729391.748972887, 5625345.757616816, 5579021.771670419, 4966676.596363002, 4790320.256341548, 4674962.016359974, 4638016.477963367, 4631375.1819998445, 4285532.175905837, 4267372.12004893, 4240138.729586619, 4001854.8258457817, 3823136.4192344374, 3810358.706298792, 3795036.2961411877],12.028373067095117
9,[2392939.084093371, 2361273.4914803915, 2334736.947924512, 2297354.961083386, 2152944.6455233223, 2120905.4914406626, 2108125.6278804885, 2094040.6497278363, 2065838.482007599, 1815281.0464779807, 1799710.2019830395, 1733656.7801772978, 1732432.414415091, 1642916.091409276, 1627106.62560251, 1624205.5921693903, 1615399.3504278257],13.096658513730654
10,[1449258.3146353746, 1428221.2906512858, 1405467.077556619, 1306049.344486839, 1293244.2840845978, 1292535.6177025773, 1285308.7816873975, 1255007.105581076, 1095394.349273182, 1085061.2867050357, 1033227.5322689225, 995153.5412765361, 994173.523805625, 985251.8669636565, 980932.1549813917, 979445.48035939],12.18200916377267
11,[1414188.7072490177, 1394212.8451343228, 1371950.744400902, 1357461.3068565466, 1279865.8419907559, 1267844.0504343952, 1260233.381291723, 1239864.553133442, 1081354.5486047086, 1065644.2240233251, 1028025.894412746, 1019710.9461249431, 1018882.0243302836, 1017429.1805495886, 1008958.5353223493, 960107.4999274348, 955253.186449211],13.056934029559644
12,[1589950.66581452, 1567064.9006999657, 1540860.946396987, 1532210.5236821857, 1445389.1577302734, 1432790.3400633829, 1400318.2342065738, 1378405.382793565, 1202162.3461416268, 1161541.2710657613, 1149996.2294844417, 1148288.1492539314, 1138700.5238711794, 1137550.6742659293, 1082366.447827945, 1077410.59760662],12.32695793028465
13,[1523218.0563404153, 1499472.732597433, 1473218.190365881, 1464870.4419547813, 1434500.8448527504, 1351822.7308197306, 1319615.7858012365, 1318881.5907937589, 1276673.4979341615, 1114511.8715501213, 1112675.821866899, 1101323.0930835884, 1089652.4454371238, 1077511.7767127575, 1076689.9587130244, 1070224.6613210998],12.415360971263038
14,[1571258.7966898, 1547579.1668502735, 1522870.1629147117, 1514832.215275261, 1484672.5803115105, 1380469.9810647203, 1365926.459868645, 1191971.6712877753, 1191250.8927897706, 1152487.1943838967, 1141796.0094760603, 1140145.9608386043, 1128115.2067671637, 1114571.1048590557, 1112231.1048590557, 1111122.114354728],12.289620010422649
15,[1911651.2623845958, 1884241.6773159585, 1856934.2162297072, 1838973.6381769571, 1708133.6466794803, 1698998.8539654631, 1683049.1811606651, 1682160.4042669744, 1467342.496932736, 1447822.184320647, 1399291.0938575114, 1396934.5224191737, 1384106.0387423816, 1371706.65955116, 1370603.3591731852, 1367790.3591731852, 1301820.6279409234],13.119030856735353
16,[2671853.633826845, 2638042.592034094, 2482405.1132392297, 2469573.729531983, 2436678.487410637, 2412092.017436056, 2398083.025695571, 2321870.2629408115, 2046132.774369329, 2017336.1157265417, 2014299.8635540209, 1913451.8910589477, 1905063.3347784176, 1902888.6652507035, 1889886.138909709, 1882970.8408502943],12.447249374998705
17,[4996635.33382752, 4916932.399337963, 4855298.285485148, 4822002.367224152, 4654421.506096889, 4108533.436828511, 3802202.170417422, 3782554.2697873833, 3777067.8832563157, 3752365.598149823, 3721361.5568070444, 3629163.155798601, 3446361.5471351636, 3431113.568933714, 3428361.5230071866, 3418362.523007185],12.076263425965863
18,[4267799.611058741, 4204742.073887901, 4123469.9467468527, 4086923.881519905, 3937363.148164021, 3446584.144501489, 3441995.3816558765, 3415613.251269132, 3327559.867335959, 3076877.237908925, 3065350.275588109, 3041883.9550903495, 2877445.4042232726, 2866139.404223272, 2828307.9480261463],11.293791251229896
19,[1878595.2934276399, 1850855.5812187158, 1816384.429945658, 1802841.9003897258, 1735280.6885523642, 1697044.744060056, 1694721.2261721122, 1481840.301957079, 1472159.0090224359, 1383109.5417226846, 1345490.484860441, 1344594.601609408, 1327550.6773074265, 1256121.2728397294, 1250467.2728397304, 1161368.473294528],12.084071824062232
20,[1517711.6793002875, 1492793.7687174904, 1465989.2896990874, 1455912.977486062, 1425398.801377694, 1252989.6305810532, 1206849.1063142887, 1205208.8930882409, 1197699.4427527667, 1182897.9963795417, 1111452.7936407889, 1081378.7720288588, 1080731.19727607, 1005839.9070835701, 947231.4968678135, 943353.4968678135, 938671.3638413164],12.583707777172119
21,[1214643.1173171783, 1190351.02849698, 1164536.1639726376, 1142491.1475563846, 1134995.5824594065, 1124469.4855506266, 1062862.817829214, 1053322.6595194512, 932339.4389462364, 917610.6216686211, 884867.9587931237, 835003.3489227215, 829564.8129556883, 771896.8190348996, 767602.4535604375, 759599.1370073253, 758903.0948605157],12.689272092024655
22,[426069.52631262253, 389155.15671626903, 370544.9704004822, 353744.2148225444, 352872.2889276453, 351510.45726992824, 351112.45726992824, 347976.47391575394, 346958.4739157539, 333592.18665718014, 333060.1866571802, 325456.76253457123, 322291.02521906805, 303687.64249807317, 303282.64249807317, 301062.11467193486, 298644.38468121534],12.52048703887181
