6,[1956129.0, 1680427.0, 1386174.0, 1386174.0, 1373844.0, 1114091.0, 1092742.0, 1092507.0, 1084861.0, 1065415.0, 1004842.0, 892518.0, 892518.0, 886898.0, 885993.0, 885715.0, 762051.0, 595078.0, 588019.0, 588019.0, 530546.0, 528256.0, 528118.0, 526972.0, 521290.0, 519336.0, 509518.0, 509518.0, 508176.0, 507215.0, 506997.0, 506997.0, 506968.0, 497029.0, 493152.0, 476216.0, 475832.0, 473438.0, 473410.0, 473261.0, 473261.0, 453032.0, 450444.0, 440453.0, 433231.0, 433223.0, 430393.0, 430347.0, 425791.0, 423419.0],15.967219629378194
7,[5962468.0, 5644476.0, 4776389.0, 4366296.0, 4094524.0, 3491742.0, 3427497.0, 3427497.0, 3427497.0, 3414654.0, 3361201.0, 3110572.0, 3080427.0, 3053926.0, 2991961.0, 2991961.0, 2609293.0, 2609293.0, 2608788.0, 2586130.0, 2356365.0, 2218727.0, 2218727.0, 2202236.0, 2198784.0, 2193220.0, 1931686.0, 1931629.0, 1930743.0, 1923622.0, 1897977.0, 1897977.0, 1849215.0, 1833785.0, 1830439.0, 1810384.0, 1810084.0, 1787297.0, 1714119.0, 1713836.0, 1646874.0, 1645582.0, 1635701.0, 1620988.0, 1599792.0, 1585386.0, 1573990.0, 1560785.0, 1528520.0, 1528520.0],19.20859106905765
8,[5744570.0, 5744570.0, 5034369.0, 4882812.0, 4455055.0, 3956094.0, 3913589.0, 3913589.0, 3836526.0, 3582089.0, 3582089.0, 3523939.0, 3499817.0, 3479607.0, 3119625.0, 3101963.0, 3101963.0, 2938356.0, 2901093.0, 2864693.0, 2832380.0, 2831880.0, 2825796.0, 2617542.0, 2570393.0, 2414904.0, 2392301.0, 2392159.0, 2382024.0, 2382024.0, 2382024.0, 2375512.0, 2353950.0, 2228924.0, 2188914.0, 2188914.0, 2173715.0, 2144116.0, 2144116.0, 1542564.0, 1527507.0, 1509064.0, 1495217.0, 1488447.0, 1436770.0, 1416506.0, 1405718.0, 1404902.0, 1329099.0, 1293767.0],22.36732039136492
9,[2379215.0, 2134120.0, 2032044.0, 2032044.0, 2032044.0, 1983293.0, 1763811.0, 1593738.0, 1505005.0, 1484464.0, 1476606.0, 1394050.0, 1374710.0, 1353722.0, 1348458.0, 1344607.0, 1194021.0, 1192088.0, 1192088.0, 1183810.0, 1183810.0, 1161131.0, 1142041.0, 1116826.0, 1049189.0, 1038770.0, 996286.0, 996234.0, 926672.0, 912035.0, 911640.0, 895246.0, 895203.0, 894796.0, 894754.0, 886365.0, 874397.0, 874397.0, 866444.0, 866440.0, 860567.0, 788281.0, 758399.0, 756742.0, 703668.0, 696886.0, 568089.0, 563935.0, 553684.0, 545676.0],22.729464374673988
10,[1467030.0, 1312661.0, 1312661.0, 1162613.0, 1162613.0, 1162613.0, 1077478.0, 980685.0, 840033.0, 840033.0, 840033.0, 829987.0, 810991.0, 801757.0, 790274.0, 786647.0, 773867.0, 770887.0, 767378.0, 767378.0, 676020.0, 674924.0, 661770.0, 650742.0, 621488.0, 588049.0, 588022.0, 588022.0, 587376.0, 541491.0, 541234.0, 541020.0, 540929.0, 536591.0, 536465.0, 536215.0, 529293.0, 524350.0, 504513.0, 501319.0, 501319.0, 456222.0, 452713.0, 427736.0, 402457.0, 401247.0, 396882.0, 396880.0, 325892.0, 323781.0],22.481616619018126
11,[1430566.0, 1277534.0, 1198158.0, 1122863.0, 1035785.0, 1035785.0, 1035785.0, 942289.0, 893368.0, 893368.0, 797605.0, 797605.0, 780120.0, 760940.0, 749354.0, 745677.0, 742954.0, 742954.0, 739653.0, 733265.0, 645909.0, 645909.0, 621102.0, 607942.0, 607840.0, 607840.0, 607205.0, 596076.0, 565440.0, 565205.0, 560013.0, 522162.0, 522003.0, 518753.0, 470318.0, 470222.0, 470222.0, 442814.0, 441777.0, 419375.0, 418737.0, 397737.0, 397679.0, 388735.0, 375766.0, 305799.0, 303450.0, 300114.0, 298002.0, 293111.0],21.72269160456004
12,[1616457.0, 1616457.0, 1366652.0, 1184924.0, 1184924.0, 1184924.0, 1155733.0, 1076335.0, 1020275.0, 1007665.0, 1007665.0, 901822.0, 885682.0, 872023.0, 868081.0, 854081.0, 850579.0, 850579.0, 850579.0, 750652.0, 743504.0, 739788.0, 739788.0, 712567.0, 712465.0, 695614.0, 650430.0, 602085.0, 601467.0, 601436.0, 595503.0, 595090.0, 594945.0, 590937.0, 586695.0, 586637.0, 565561.0, 565435.0, 508290.0, 480531.0, 451971.0, 441221.0, 357384.0, 357384.0, 357312.0, 354433.0, 354343.0, 354343.0, 350554.0, 344719.0],21.90980029570592
13,[1538081.0, 1538081.0, 1380487.0, 1282375.0, 1282375.0, 1135579.0, 1106257.0, 1030293.0, 978223.0, 978223.0, 964319.0, 952510.0, 868432.0, 843769.0, 823918.0, 821241.0, 820201.0, 813528.0, 810435.0, 803548.0, 803548.0, 718774.0, 715438.0, 689064.0, 654996.0, 641226.0, 624664.0, 578933.0, 578900.0, 573922.0, 573335.0, 573335.0, 569136.0, 568882.0, 568843.0, 548380.0, 540044.0, 534053.0, 533947.0, 533875.0, 469000.0, 468069.0, 463292.0, 373142.0, 371323.0, 347267.0, 347235.0, 347215.0, 347215.0, 343855.0],22.484631569164208
14,[1583688.0, 1416309.0, 1331561.0, 1331561.0, 1254500.0, 1254500.0, 1137911.0, 1061610.0, 1008595.0, 1008595.0, 908663.0, 896587.0, 887367.0, 871261.0, 850452.0, 847469.0, 846527.0, 843249.0, 751196.0, 751196.0, 747352.0, 741526.0, 734958.0, 720966.0, 693921.0, 692866.0, 642442.0, 595403.0, 594797.0, 594784.0, 558247.0, 557991.0, 557891.0, 553891.0, 548611.0, 522448.0, 472353.0, 472281.0, 468574.0, 465067.0, 464962.0, 432779.0, 432601.0, 431508.0, 431421.0, 431401.0, 427985.0, 427985.0, 343160.0, 340792.0],21.964015735906916
15,[1926723.0, 1716100.0, 1610016.0, 1516687.0, 1516687.0, 1407366.0, 1312772.0, 1283577.0, 1108036.0, 1108036.0, 1094858.0, 1089411.0, 1088712.0, 1056212.0, 1045581.0, 1044501.0, 1027293.0, 1023718.0, 1018487.0, 903857.0, 897020.0, 887760.0, 887760.0, 854276.0, 854153.0, 837245.0, 782899.0, 724604.0, 680029.0, 679978.0, 679682.0, 673383.0, 672996.0, 607792.0, 603003.0, 581491.0, 569584.0, 569479.0, 569303.0, 534634.0, 529760.0, 528433.0, 522122.0, 521947.0, 521092.0, 516993.0, 418457.0, 414216.0, 410493.0, 406421.0],21.48104344366006
16,[2703172.0, 2403861.0, 2403861.0, 2099941.0, 1976355.0, 1976355.0, 1976355.0, 1814293.0, 1646202.0, 1635621.0, 1546299.0, 1546299.0, 1525975.0, 1525754.0, 1480236.0, 1466653.0, 1301508.0, 1293821.0, 1288018.0, 1277877.0, 1268572.0, 1171643.0, 1122677.0, 1122677.0, 1122523.0, 1106318.0, 997650.0, 952385.0, 947808.0, 928346.0, 926975.0, 918676.0, 911670.0, 903831.0, 890372.0, 872276.0, 819665.0, 811918.0, 765389.0, 764901.0, 741138.0, 734882.0, 733923.0, 732433.0, 730776.0, 730776.0, 723396.0, 717405.0, 717380.0, 572835.0],21.569999152665428
17,[4930691.0, 4439546.0, 4250074.0, 4133296.0, 4133296.0, 3928192.0, 3629881.0, 3629881.0, 3254447.0, 3077544.0, 3017789.0, 2842504.0, 2842504.0, 2814318.0, 2809985.0, 2804881.0, 2511290.0, 2501002.0, 2480788.0, 2448519.0, 2434135.0, 2369014.0, 2362751.0, 2265496.0, 2107995.0, 2092409.0, 2059840.0, 1838166.0, 1754314.0, 1754242.0, 1754163.0, 1734879.0, 1734879.0, 1732550.0, 1731769.0, 1704133.0, 1704133.0, 1703848.0, 1304108.0, 1301342.0, 1277348.0, 1253815.0, 1249505.0, 1249168.0, 1243743.0, 1243365.0, 1188664.0, 1188655.0, 1173138.0, 1164726.0],21.73349355750997
18,[4203560.0, 4203560.0, 3804895.0, 3655101.0, 3524406.0, 3070572.0, 3022586.0, 2731602.0, 2531655.0, 2487135.0, 2476670.0, 2465192.0, 2327637.0, 2317607.0, 2302871.0, 2302871.0, 2302871.0, 2272971.0, 2240767.0, 2005325.0, 2004908.0, 1963947.0, 1922981.0, 1911272.0, 1871928.0, 1795091.0, 1790836.0, 1749464.0, 1749464.0, 1749464.0, 1544286.0, 1542541.0, 1525770.0, 1515104.0, 1515104.0, 1506366.0, 1376133.0, 1373481.0, 1373481.0, 1373481.0, 1363768.0, 1363572.0, 1361672.0, 1021444.0, 1019979.0, 1016928.0, 1000737.0, 1000737.0, 986049.0, 982899.0],21.828980938816024
19,[1843004.0, 1750346.0, 1577939.0, 1491820.0, 1491820.0, 1327441.0, 1246342.0, 1246342.0, 1107400.0, 1107400.0, 1026507.0, 1021842.0, 1016033.0, 1012019.0, 1007333.0, 1005827.0, 1005827.0, 885785.0, 874940.0, 874818.0, 860226.0, 843586.0, 828141.0, 826300.0, 815142.0, 781746.0, 723893.0, 717950.0, 717862.0, 717862.0, 702696.0, 663884.0, 657050.0, 655566.0, 655566.0, 596133.0, 591364.0, 591364.0, 591364.0, 587610.0, 582483.0, 582388.0, 441731.0, 441550.0, 440184.0, 440033.0, 429967.0, 427076.0, 410539.0, 403543.0],21.035323272162625
20,[1539832.0, 1409892.0, 1337134.0, 1200386.0, 1200386.0, 1079193.0, 1017912.0, 1017912.0, 1001347.0, 908457.0, 907705.0, 902808.0, 887482.0, 839796.0, 745682.0, 733766.0, 728952.0, 728817.0, 722688.0, 722688.0, 710291.0, 710291.0, 704168.0, 690954.0, 690440.0, 656157.0, 656157.0, 586833.0, 586737.0, 552859.0, 550717.0, 550717.0, 550059.0, 500637.0, 495513.0, 495026.0, 490864.0, 484885.0, 484885.0, 484726.0, 484726.0, 392625.0, 385110.0, 360058.0, 343250.0, 343208.0, 343062.0, 338415.0, 332004.0, 331981.0],21.422732880464622
21,[1237063.0, 1147454.0, 1147454.0, 1038921.0, 1038921.0, 955608.0, 844896.0, 844896.0, 766895.0, 766376.0, 750567.0, 740558.0, 740558.0, 725014.0, 648037.0, 638589.0, 635067.0, 633449.0, 619397.0, 614859.0, 614290.0, 582581.0, 582581.0, 564018.0, 561047.0, 561047.0, 532006.0, 499811.0, 495117.0, 495096.0, 458984.0, 458676.0, 458339.0, 450015.0, 450015.0, 449645.0, 370262.0, 368934.0, 368917.0, 327931.0, 313095.0, 310165.0, 307937.0, 297332.0, 278352.0, 278287.0, 276022.0, 274798.0, 269510.0, 268763.0],22.28621740644332
22,[438907.0, 438907.0, 388830.0, 386006.0, 384067.0, 360074.0, 360074.0, 360074.0, 315183.0, 307265.0, 301345.0, 301107.0, 301107.0, 255957.0, 255741.0, 253650.0, 244645.0, 241061.0, 216571.0, 213883.0, 212085.0, 211806.0, 209782.0, 192741.0, 189696.0, 189000.0, 181391.0, 181391.0, 168763.0, 158205.0, 158205.0, 157903.0, 157894.0, 157894.0, 155527.0, 155515.0, 140035.0, 139070.0, 123789.0, 123378.0, 121973.0, 121059.0, 117727.0, 111958.0, 108865.0, 105751.0, 104943.0, 104923.0, 104354.0, 104143.0],23.25734021946863
