6,[2234569.0, 2234569.0, 2225877.0, 2184448.0, 1902476.0, 1884825.0, 1630437.0, 1425591.0, 1423133.0, 1420695.0, 1415656.0, 1411614.0, 1245708.0, 1238231.0, 1236808.0, 1229526.0, 1222486.0, 1083335.0, 931637.0, 929976.0, 929860.0, 929860.0, 790747.0, 789134.0, 659912.0, 658950.0, 655446.0, 650705.0, 644467.0, 640473.0, 640157.0, 638579.0, 630476.0, 630476.0, 630476.0, 629212.0, 627343.0, 609512.0, 609120.0, 593062.0, 584012.0, 574309.0, 573114.0, 570447.0, 560261.0, 475071.0, 468679.0, 468479.0, 456332.0, 450045.0],22.053609890766406
7,[6570684.0, 6290244.0, 5491709.0, 5491709.0, 5462941.0, 5434133.0, 5434133.0, 5434133.0, 4802242.0, 4295934.0, 3829772.0, 3357396.0, 3357396.0, 3342776.0, 3312788.0, 3307269.0, 3298257.0, 2876487.0, 2867402.0, 2490514.0, 2475020.0, 2472210.0, 2469853.0, 2458413.0, 2447162.0, 2442583.0, 2429209.0, 2429209.0, 2111589.0, 2085326.0, 2060567.0, 2050191.0, 2048554.0, 2041947.0, 2039203.0, 1969129.0, 1966685.0, 1966685.0, 1936521.0, 1888262.0, 1858159.0, 1854777.0, 1774704.0, 1757960.0, 1538199.0, 1536365.0, 1523116.0, 1513307.0, 1511986.0, 1352500.0],22.33516480171623
8,[6207608.0, 6031449.0, 5937130.0, 5326834.0, 5299977.0, 5270473.0, 5270473.0, 5270473.0, 4331736.0, 4331736.0, 4325449.0, 4295769.0, 4288637.0, 3922342.0, 3511872.0, 3153439.0, 3083920.0, 2749991.0, 2735874.0, 2719886.0, 2719886.0, 2717770.0, 2709892.0, 2680595.0, 2673051.0, 2671074.0, 2629171.0, 2620647.0, 2501116.0, 2450594.0, 2354505.0, 2348145.0, 2341436.0, 2319459.0, 2319459.0, 2264234.0, 2257212.0, 2256767.0, 1646192.0, 1639370.0, 1636777.0, 1629612.0, 1592918.0, 1567202.0, 1564856.0, 1551872.0, 1400825.0, 1376745.0, 1363275.0, 1361809.0],24.362288018186714
9,[2559345.0, 2559345.0, 2502595.0, 2502595.0, 2470330.0, 2218155.0, 2205157.0, 1956668.0, 1956668.0, 1944750.0, 1939328.0, 1928090.0, 1899096.0, 1741102.0, 1731335.0, 1384388.0, 1379514.0, 1375622.0, 1112393.0, 1108499.0, 1105984.0, 1090962.0, 1090962.0, 1089532.0, 1088630.0, 1042229.0, 1040075.0, 1036946.0, 1016562.0, 968651.0, 948173.0, 942565.0, 941003.0, 939238.0, 939238.0, 912016.0, 904151.0, 800918.0, 799050.0, 786717.0, 785879.0, 784631.0, 780021.0, 779029.0, 765649.0, 614860.0, 598435.0, 598435.0, 594297.0, 591927.0],25.339194207893033
10,[1548491.0, 1548491.0, 1517014.0, 1517014.0, 1499503.0, 1338767.0, 1338767.0, 1180835.0, 1177555.0, 1171325.0, 1168910.0, 1050079.0, 1042433.0, 918839.0, 918081.0, 904753.0, 904205.0, 815441.0, 812691.0, 811357.0, 810759.0, 722051.0, 721460.0, 719009.0, 719009.0, 716855.0, 710179.0, 648566.0, 644861.0, 644458.0, 607448.0, 566267.0, 565217.0, 564900.0, 554726.0, 549106.0, 548946.0, 492409.0, 487818.0, 486332.0, 478541.0, 477487.0, 468146.0, 466364.0, 466114.0, 465873.0, 424958.0, 424958.0, 424496.0, 368825.0],25.915997574412767
11,[1511916.0, 1479720.0, 1479720.0, 1461631.0, 1461631.0, 1302051.0, 1292766.0, 1283194.0, 1136383.0, 1136383.0, 1016367.0, 1016367.0, 1010352.0, 1007758.0, 996803.0, 877106.0, 875354.0, 790346.0, 787699.0, 786250.0, 785760.0, 784670.0, 700684.0, 698854.0, 631550.0, 631550.0, 627961.0, 626569.0, 612241.0, 612241.0, 608141.0, 593276.0, 531480.0, 531218.0, 530007.0, 489513.0, 489513.0, 468247.0, 466873.0, 465351.0, 461188.0, 459666.0, 458455.0, 458131.0, 451559.0, 447290.0, 357566.0, 354148.0, 352744.0, 352744.0],25.629060741469765
12,[1702367.0, 1666060.0, 1646037.0, 1646037.0, 1646037.0, 1468564.0, 1458375.0, 1451498.0, 1286868.0, 1286868.0, 1284508.0, 1154177.0, 1147257.0, 1143906.0, 1013401.0, 1001409.0, 999637.0, 905431.0, 903965.0, 900989.0, 899812.0, 899157.0, 802761.0, 802196.0, 728249.0, 726727.0, 723367.0, 716730.0, 713067.0, 687236.0, 649927.0, 649927.0, 648762.0, 642016.0, 616661.0, 604170.0, 540468.0, 536028.0, 534622.0, 533387.0, 530683.0, 522722.0, 521936.0, 414597.0, 414301.0, 414041.0, 413196.0, 402780.0, 399212.0, 392889.0],25.725955684056377
13,[1635463.0, 1635463.0, 1578822.0, 1578822.0, 1578822.0, 1567986.0, 1394728.0, 1394728.0, 1390731.0, 1239215.0, 1236887.0, 976503.0, 975042.0, 963579.0, 956151.0, 953847.0, 952987.0, 951515.0, 865482.0, 864257.0, 863069.0, 861892.0, 861373.0, 772798.0, 705488.0, 703710.0, 701325.0, 700367.0, 677549.0, 667479.0, 627854.0, 624868.0, 624868.0, 595481.0, 584540.0, 582283.0, 523984.0, 523758.0, 518114.0, 516994.0, 515605.0, 514891.0, 506487.0, 504887.0, 503683.0, 398041.0, 398041.0, 390159.0, 383633.0, 383338.0],25.942249381367844
14,[1682013.0, 1682013.0, 1629927.0, 1629927.0, 1629927.0, 1454918.0, 1444533.0, 1437931.0, 1275815.0, 1269920.0, 1269920.0, 1003377.0, 1000228.0, 1000228.0, 994087.0, 993252.0, 981471.0, 979350.0, 889876.0, 886955.0, 886381.0, 790365.0, 790365.0, 789055.0, 787316.0, 786473.0, 783687.0, 771695.0, 726874.0, 720034.0, 659161.0, 644277.0, 642493.0, 617351.0, 607069.0, 543133.0, 542980.0, 541969.0, 531664.0, 523140.0, 521452.0, 521078.0, 520155.0, 470007.0, 469746.0, 407690.0, 407387.0, 406325.0, 405748.0, 394578.0],25.769905464464305
15,[2040666.0, 2001678.0, 2001678.0, 1980598.0, 1980598.0, 1764057.0, 1547682.0, 1539360.0, 1535490.0, 1532677.0, 1532677.0, 1377678.0, 1216318.0, 1208162.0, 1206134.0, 1205291.0, 1192683.0, 1077888.0, 1074459.0, 1074459.0, 1071878.0, 951758.0, 951758.0, 950200.0, 948213.0, 943103.0, 933948.0, 930249.0, 852723.0, 841981.0, 823109.0, 771788.0, 771179.0, 683943.0, 683542.0, 647011.0, 645956.0, 640276.0, 639187.0, 636783.0, 628548.0, 627432.0, 626344.0, 618053.0, 616784.0, 606945.0, 479751.0, 475316.0, 474424.0, 467616.0],25.4965932690602
16,[2844213.0, 2844213.0, 2844213.0, 2795636.0, 2765414.0, 2452761.0, 2175933.0, 2164556.0, 2157897.0, 2157897.0, 1939943.0, 1930691.0, 1928681.0, 1925159.0, 1743224.0, 1542415.0, 1529372.0, 1525029.0, 1352285.0, 1348612.0, 1346477.0, 1343705.0, 1338292.0, 1338292.0, 1337266.0, 1082422.0, 1080243.0, 1068676.0, 1018991.0, 1010329.0, 1009413.0, 995772.0, 990178.0, 967668.0, 956357.0, 955019.0, 939156.0, 905940.0, 901839.0, 888914.0, 887727.0, 886114.0, 877261.0, 875426.0, 870492.0, 780225.0, 705965.0, 703446.0, 703061.0, 681912.0],25.108781234035565
17,[5344595.0, 5204858.0, 5135830.0, 5110883.0, 4554335.0, 4530771.0, 4530771.0, 4530771.0, 4050174.0, 4029187.0, 4029187.0, 4029187.0, 3671828.0, 3310577.0, 3000054.0, 2995036.0, 2950373.0, 2627692.0, 2335173.0, 2327049.0, 2324383.0, 2318905.0, 2318905.0, 2316398.0, 2305213.0, 2281786.0, 2274892.0, 2235472.0, 1991856.0, 1898795.0, 1896029.0, 1883784.0, 1845627.0, 1843420.0, 1834590.0, 1772389.0, 1734490.0, 1718564.0, 1716904.0, 1681031.0, 1347349.0, 1325031.0, 1325031.0, 1321383.0, 1319602.0, 1308450.0, 1304731.0, 1293749.0, 1245750.0, 1215989.0],24.60407739033547
18,[4605013.0, 4450412.0, 4377918.0, 4359236.0, 3841241.0, 3841241.0, 3841241.0, 3841241.0, 3829935.0, 3108021.0, 3100478.0, 2807820.0, 2807820.0, 2794976.0, 2456636.0, 2194434.0, 2166467.0, 2154588.0, 2151403.0, 2144481.0, 1905322.0, 1897959.0, 1897959.0, 1895719.0, 1861006.0, 1859095.0, 1838287.0, 1833906.0, 1822345.0, 1818086.0, 1813005.0, 1740891.0, 1740891.0, 1607406.0, 1607406.0, 1411413.0, 1402796.0, 1115695.0, 1112938.0, 1109033.0, 1094541.0, 1084721.0, 1083505.0, 1081679.0, 1077343.0, 1069192.0, 1064121.0, 1047335.0, 1021013.0, 1018735.0],23.628151538334418
19,[2027332.0, 1961692.0, 1934281.0, 1925820.0, 1915917.0, 1699282.0, 1699282.0, 1699282.0, 1538081.0, 1369285.0, 1364826.0, 1206845.0, 1200861.0, 1191866.0, 1076172.0, 955211.0, 952572.0, 938848.0, 935844.0, 933562.0, 824078.0, 823374.0, 822222.0, 819892.0, 819892.0, 818984.0, 807962.0, 790666.0, 789160.0, 786137.0, 785988.0, 783929.0, 752061.0, 693357.0, 693357.0, 692869.0, 673682.0, 602399.0, 600902.0, 472833.0, 471598.0, 464856.0, 460203.0, 458565.0, 457687.0, 456767.0, 455471.0, 451558.0, 447541.0, 447323.0],23.652847190297397
20,[1630053.0, 1630053.0, 1564885.0, 1564885.0, 1387902.0, 1380435.0, 1380435.0, 1380435.0, 1231551.0, 1227673.0, 1223559.0, 989475.0, 981909.0, 975840.0, 883686.0, 880405.0, 869751.0, 776594.0, 684965.0, 682832.0, 680229.0, 679428.0, 678318.0, 678318.0, 671991.0, 670235.0, 666326.0, 665821.0, 649096.0, 607963.0, 605315.0, 594301.0, 593086.0, 569440.0, 564925.0, 503058.0, 499395.0, 498378.0, 488464.0, 482623.0, 381533.0, 380262.0, 379020.0, 378311.0, 377351.0, 371443.0, 368127.0, 368127.0, 368127.0, 363135.0],23.992759131144815
21,[1303862.0, 1303862.0, 1268764.0, 1252375.0, 1252375.0, 1130500.0, 1127634.0, 1127634.0, 1009721.0, 1006641.0, 894544.0, 890779.0, 806605.0, 805128.0, 795135.0, 790431.0, 711538.0, 647312.0, 576178.0, 575609.0, 574706.0, 574706.0, 573623.0, 568341.0, 525389.0, 524996.0, 515292.0, 510036.0, 508582.0, 508162.0, 486782.0, 473566.0, 472120.0, 467355.0, 465061.0, 331706.0, 325162.0, 324927.0, 322854.0, 322854.0, 322333.0, 315531.0, 315463.0, 311302.0, 308292.0, 307500.0, 307001.0, 298949.0, 294161.0, 294008.0],24.333393411265916
22,[464121.0, 464121.0, 464121.0, 410854.0, 408740.0, 407722.0, 407190.0, 390387.0, 345055.0, 337504.0, 331359.0, 330330.0, 330330.0, 297541.0, 297302.0, 297086.0, 294405.0, 258893.0, 258878.0, 234364.0, 233967.0, 217709.0, 194017.0, 193270.0, 190561.0, 190561.0, 189485.0, 187396.0, 186183.0, 185898.0, 184099.0, 165974.0, 165387.0, 151462.0, 133283.0, 133203.0, 128086.0, 127945.0, 123155.0, 123013.0, 111124.0, 109565.0, 109177.0, 108836.0, 108807.0, 106773.0, 97844.0, 97387.0, 95326.0, 95007.0],24.723731526907855
