6,[2114268.930010918, 1949179.6288449382, 1939501.67143651, 1912607.8612841747, 1783088.5198766359, 1570165.232045276, 1502165.8072319482, 1499073.9389693341, 1495570.9389693341, 1493132.9389693344, 1483828.1719648545, 1482215.1719648552, 1481439.3602635406, 1463687.3357387555, 1447649.3141116882, 1442505.314111688, 1441745.314111688],12.307440696575254
7,[6161939.868648445, 5761752.633298035, 5720620.453256051, 5423351.531344645, 5291834.850870414, 5285022.850870414, 4765491.550226863, 4548507.750158575, 4541791.587527457, 4533582.587527457, 4528063.587527458, 4493093.900156702, 4490688.900156702, 4488178.317108843, 4424633.54951846, 4371947.578087708, 4363297.578087709, 4361097.578087709],13.325081019336743
8,[5846631.262246577, 5490342.450496503, 5445103.084033203, 5228331.7837120965, 5095756.502742011, 5091994.502742012, 4702336.207867748, 4518460.156546877, 4511382.22340324, 4505022.223403239, 4499794.223403238, 4460991.152207887, 4459595.152207886, 4457670.898046064, 4382339.903740298, 4373408.903740298, 4371292.903740298],13.119458176850001
9,[2414687.3672820353, 2244587.834334208, 2230463.47483867, 2127863.996931698, 2072822.3644565502, 2071844.3644565502, 1892714.4227645907, 1824726.5504919463, 1821613.2601523276, 1819459.2601523276, 1816964.2601523276, 1798520.9519012074, 1798121.9519012077, 1796749.3283379145, 1766637.095395944, 1764960.095395944, 1763950.095395944],12.904351181392661
10,[1462663.3468131628, 1362076.7987254101, 1354822.4067335245, 1314948.2865353157, 1280075.9806067734, 1217644.4146203934, 1095476.8101036348, 1093521.4996821964, 1092026.5461156599, 1090715.5461156594, 1089219.5461156594, 1078013.0164328436, 1077853.0164328436, 1077305.2909994104, 1058110.0539014195, 1056328.0539014195, 1055570.0539014195],12.823045576459112
11,[1426323.2975778917, 1328657.915906721, 1321074.7443660735, 1254010.2625574344, 1221284.370025197, 1220830.370025197, 1097688.8598460597, 1059275.9603298127, 1057839.9962809046, 1056398.9962809046, 1055130.9962809046, 1044140.1496774099, 1043857.1496774099, 1043226.9431793685, 1041704.9431793687, 1041088.9431793687],12.112137115005085
12,[1603105.5302151968, 1495984.1749708233, 1487701.2824579645, 1414689.427625742, 1376966.0613093905, 1376326.0613093905, 1241326.4110068982, 1199615.416808099, 1197830.849346111, 1196308.8493461108, 1194889.849346111, 1182153.6406748553, 1181967.6406748553, 1181336.3204076905, 1160253.9607428554, 1158977.9607428564, 1158258.9607428566],12.810218006885592
13,[1536908.8901803708, 1436067.4251959468, 1428023.0603466078, 1358746.1448858446, 1315821.3544448686, 1277670.642714428, 1277018.6427144282, 1149836.2959879108, 1147580.2335551053, 1145696.2215921674, 1144279.2215921674, 1142818.2215921672, 1131038.6382185332, 1130812.6382185332, 1130282.4116954273, 1128682.4116954268, 1127944.4116954266],12.84604229280966
14,[1586107.6694756513, 1480154.829157389, 1472436.1998054974, 1398991.138832504, 1356746.4826810015, 1319214.2534957717, 1318671.2534957717, 1187637.3980297965, 1185125.11341302, 1183282.2349851227, 1181543.2349851227, 1180180.2349851232, 1168408.2384240949, 1167874.2384240949, 1167279.7734814011, 1166164.7734814011, 1165345.7734814011],12.892387181688944
15,[1928765.3818002057, 1796390.6411137201, 1787235.1620630831, 1693072.1364684224, 1650791.8837916607, 1649948.8837916607, 1490579.007588291, 1441165.078881583, 1438777.5024206256, 1437009.5024206256, 1435243.5024206256, 1421214.7501359973, 1420410.7501359973, 1419630.8890904142, 1418339.8890904142, 1417496.8890904142],12.17547205192018
16,[2694944.5181353022, 2509258.9597241743, 2495278.6909302613, 2441923.476240323, 2314723.8946765745, 2092057.5815344984, 2018057.970673877, 2015113.07605032, 2011440.0760503195, 2008927.0760503195, 1989197.8453601778, 1988070.8453601778, 1987253.5566904955, 1954997.9500414194, 1950896.9500414194, 1949887.950041419],12.102479813432074
17,[5036229.328099615, 4717930.384574889, 4685716.9752341425, 4466101.329753374, 4354052.942774067, 4349719.942774068, 3974315.3853168334, 3814268.5906227734, 3808625.375482978, 3802175.375482978, 3797157.375482978, 3758796.0881349104, 3757136.088134911, 3754172.7334768064, 3694701.550281671, 3687602.5502816713, 3685911.5502816713],12.937297132185009
18,[4306572.111674756, 4044334.5398939266, 4008870.0468200394, 3833479.677053419, 3721203.0451349393, 3717485.0451349393, 3409011.418233268, 3265979.5717148418, 3261406.393085955, 3256555.393085955, 3253370.393085955, 3223087.172427028, 3222033.1724270284, 3220810.1832509204, 3162420.605984945, 3155779.605984945, 3154666.605984945],12.859261196651953
19,[1897896.3514069177, 1780376.0913455838, 1767271.9955321534, 1690653.1404422424, 1640309.2253662453, 1639112.2253662453, 1497748.9771461042, 1433154.7750748685, 1430855.892533946, 1429013.8925339463, 1427537.8925339465, 1415255.6683027635, 1414778.6683027635, 1414051.860407011, 1388391.5968156087, 1385329.5968156084, 1384693.5968156084],12.842707285605695
20,[1532509.1155059692, 1439558.7095268583, 1429736.5056313002, 1367224.6923440278, 1327860.9593901492, 1327146.9593901495, 1217224.77923211, 1170000.6283706285, 1168315.505506429, 1166580.5055064294, 1165261.5055064294, 1154421.3840138786, 1154151.3840138786, 1153676.181769338, 1130947.286755839, 1128624.286755839, 1128219.286755839],12.982068482420564
21,[1226558.6426215726, 1150158.4414745348, 1142821.19626301, 1096825.6000248324, 1064639.5565614142, 1064070.5565614142, 981770.509819732, 948103.3232601815, 946352.9988055627, 944906.9988055627, 943823.9988055627, 934515.3846199343, 934222.3846199343, 933712.55707595, 911689.3142998901, 910324.3142998901, 909931.3142998901],13.072263086292006
22,[434922.1488569818, 409164.09991238685, 406849.07094818476, 395763.5371952655, 388896.4658389938, 373338.5964331245, 373197.5964331245, 350410.85826075816, 350229.336016122, 349617.3688847655, 349406.3688847655, 349090.3688847655, 345326.7685947716, 345296.7685947716, 345137.65204684087, 345101.65204684087, 344960.65204684087],13.480771845874898
