6,[2103314.0794357737, 1940298.2448492658, 1934745.7931683988, 1847004.9419596775, 1841898.501282455, 1838455.1962243035, 1832021.7540511545, 1825521.4463586477, 1790660.9976387136, 1538812.5824446057, 1537586.9377371909, 1461713.2068145978, 1265124.672930643, 1149324.1565903288, 1143940.686858214, 1141502.6868582137, 1139318.1504260232],12.231103195125415
7,[6113411.190141849, 6017375.476190899, 5974105.5432902975, 5169787.382023792, 5100347.988335689, 5044790.169161355, 4838316.317924555, 4814691.990595986, 4807807.954913078, 4425662.867701009, 4369045.09221613, 4346884.214693617, 4118069.8938643234, 4102872.971678121, 4089079.9716781215, 3816643.0773299425, 3598821.70968202, 3591803.7096820213],12.835728749260019
8,[5808885.797934734, 5729391.748972887, 5625345.757616816, 5579021.771670419, 4966676.596363002, 4790320.256341548, 4674962.016359974, 4638016.477963367, 4631375.1819998445, 4285532.175905837, 4267372.12004893, 4240138.729586619, 4001854.8258457817, 3801375.879586754, 3632755.3524316517, 3619994.620376769, 3604675.628710108],12.548745819277737
9,[2392939.084093371, 2361273.4914803915, 2323797.029380047, 2179399.744841141, 2147383.7918697386, 2134603.9283095654, 2120487.268414947, 2071023.8933876972, 1820466.4578580784, 1804895.613363138, 1738848.380592952, 1737624.0148307453, 1639947.3205614057, 1549869.828564643, 1536203.0059147486, 1533433.6734759791, 1525169.4534208581],12.744419365251442
10,[1449258.3146353746, 1428221.2906512858, 1405467.077556619, 1306049.344486839, 1293244.2840845978, 1292535.6177025773, 1285308.7816873975, 1125696.0253795087, 1088999.8074751003, 1078853.187224403, 1024603.5110005358, 1022646.1243444899, 1021675.3441501049, 1013012.8718148813, 1008400.4743845029, 1006852.5552285748],12.173673990876793
11,[1414188.7072490177, 1391926.6065155973, 1314862.846929916, 1302841.0553735555, 1295213.4400494553, 1274837.112447068, 1116327.1079183298, 1073916.6199210018, 1036302.4996479519, 1028025.7520383782, 1027195.9495538066, 1025743.1057731115, 1017246.8806940899, 954397.3674957289, 904871.861156483, 901252.862696866],11.957773960630327
12,[1589950.66581452, 1567064.9006999657, 1540860.946396987, 1532210.5236821857, 1445389.1577302734, 1432790.3400633829, 1411127.7010709273, 1234884.6644189928, 1195497.9206799995, 1184052.2703879476, 1182292.8426236846, 1172934.78881563, 1171784.1178532306, 1103550.330219537, 1047950.8475308318, 1042894.9306500913],12.250729101679124
13,[1523218.0563404153, 1496963.5141088632, 1488615.765697763, 1444477.4871595404, 1365214.0532599338, 1333402.779446333, 1332774.4726535794, 1330297.5665681923, 1168540.940184151, 1166628.4816257088, 1156033.4709211108, 1101981.2082675414, 1089997.0273584486, 1089170.8717003088, 1083442.5416877535, 1018642.1667880696],12.344761332887211
14,[1571258.7966898, 1546549.7927542392, 1538511.8451147885, 1495195.8229074073, 1392282.6516306663, 1379100.6417027875, 1208612.2042297362, 1207953.554929567, 1205363.9608593017, 1195085.771137064, 1193358.1358983228, 1181643.3596811397, 1112286.8506159885, 1056361.0957146785, 1054021.095714678, 1052956.1239199482],12.122701610213545
15,[1911651.2623845958, 1884343.8012983445, 1753727.5699699265, 1744572.090919288, 1728901.6545137058, 1728015.2997429064, 1513197.3924086709, 1459235.679870747, 1410706.7313429073, 1320474.108848478, 1318279.3045507143, 1307502.0401629254, 1295431.8288148404, 1294366.593569322, 1291553.593569322, 1225144.2033498771],11.852553605203681
16,[2671853.633826845, 2488798.483541823, 2453533.6779074087, 2442815.435770978, 2429950.8164504464, 2397055.5743291015, 2383114.5556933475, 2306864.193433659, 2031126.7048621727, 1981738.2532411953, 1978781.3763903948, 1882813.9872675082, 1874410.2631049762, 1872235.593577262, 1857543.2463538684, 1851129.641483344],12.271853562737508
17,[4996635.33382752, 4916932.399337963, 4855298.285485148, 4822002.367224152, 4654421.506096889, 4108533.436828511, 3802202.170417422, 3782554.2697873833, 3777067.8832563157, 3752365.598149823, 3721361.5568070444, 3629163.155798601, 3446361.5471351636, 3242474.6734109963, 3227230.9525072924, 3224678.07960676, 3214679.0796067603],12.568578591134361
18,[4267799.611058741, 4204742.073887901, 4123469.9467468527, 4086923.881519905, 3937363.148164021, 3446584.144501489, 3441995.3816558765, 3415613.251269132, 3327559.867335959, 3076877.237908925, 3065350.275588109, 3041883.9550903495, 2877445.4042232726, 2866139.404223272, 2828307.9480261463, 2666145.8417570884],11.872757226300344
19,[1878595.2934276399, 1850855.5812187158, 1816384.429945658, 1802841.9003897258, 1735280.6885523642, 1697044.744060056, 1694721.2261721122, 1481840.301957079, 1472159.0090224359, 1383109.5417226846, 1345490.484860441, 1344594.601609408, 1327550.6773074265, 1256121.2728397294, 1250467.2728397304, 1161368.473294528],12.084071824062232
20,[1517711.6793002875, 1492793.7687174904, 1465989.2896990874, 1455912.977486062, 1425398.801377694, 1252989.6305810532, 1206849.1063142887, 1205208.8930882409, 1197699.4427527667, 1182897.9963795417, 1111452.7936407889, 1081378.7720288588, 1080731.19727607, 1005839.9070835701, 947231.4968678135, 943353.4968678135, 938671.3638413164],12.583707777172119
21,[1214643.1173171783, 1190351.02849698, 1164536.1639726376, 1142491.1475563846, 1134995.5824594065, 1124469.4855506266, 1062862.817829214, 1053322.6595194512, 932339.4389462364, 917610.6216686211, 884867.9587931237, 835003.3489227215, 829564.8129556883, 771896.8190348996, 767602.4535604375, 759599.1370073253, 758903.0948605157],12.689272092024655
22,[426069.52631262253, 389155.15671626903, 372354.4011383316, 371647.2885082586, 370184.0146886984, 369786.01468869834, 350982.99435585935, 349964.99435585935, 336732.7904196528, 336200.7904196528, 328596.87186303723, 325742.3745454231, 307115.7703234327, 306710.7703234327, 304485.7465770382, 302058.7126885031],11.953322986731415
