6,[2075764.0151684359, 2072238.1527921055, 2033620.8888269707, 2026742.6539003628, 1997741.5476142187, 1837420.322529475, 1826443.1031000202, 1825521.4463586477, 1771633.556897496, 1642466.2691570914, 1482208.656289929, 1448969.902036311, 1445466.9020363109, 1443028.902036311, 1441999.633903218, 1440386.633903218, 1435242.6339032182],13.088383138069728
7,[6085003.170006863, 6077204.959991691, 5912431.036746256, 5882552.620333045, 5737829.266928267, 5355449.040645167, 5061001.961307519, 5020940.264778101, 5018364.18044711, 4873715.097884987, 4866903.0978849875, 4477617.968347925, 4363914.728513006, 4355705.728513006, 4350186.728513005, 4345804.181027822, 4343399.181027821, 4334749.181027819],13.76763399273567
8,[5805829.914733895, 5798217.572302481, 5631019.822384377, 5602304.719220523, 5460409.40517022, 5116098.345146524, 4901016.976208712, 4857939.547201707, 4855976.38081592, 4721301.998991625, 4717539.998991625, 4438510.617810256, 4432150.617810255, 4426922.617810256, 4350585.954426872, 4349189.954426871, 4340258.954426869],13.500413266733174
9,[2404918.677359694, 2401539.733729651, 2335112.619558778, 2325610.978197665, 2266360.140363112, 2101812.268384976, 2000018.9212637735, 1979888.5472051075, 1978471.5335624446, 1921371.7870837417, 1920393.7870837417, 1789249.305695724, 1787095.305695724, 1784600.305695724, 1754152.6618320239, 1753753.6618320239, 1752076.6618320239],13.384841393550273
10,[1454408.576433428, 1452287.6519914563, 1450551.0476608335, 1416112.0557423055, 1410357.2535208308, 1374162.024408027, 1276312.6960218397, 1263767.8297647873, 1263099.069264667, 1227233.5569163808, 1165107.9371586586, 1073381.3406002931, 1072070.340600293, 1070574.3406002924, 1051314.330962159, 1051154.3309621592, 1049372.330962159],13.639902791537418
11,[1421686.465508747, 1419989.8918604269, 1382027.2826678131, 1376071.8713631518, 1341633.2206907596, 1246764.1082906518, 1180154.817100231, 1167790.1357175824, 1167134.08697556, 1133167.658091992, 1132713.6580919921, 1040295.1036111021, 1038854.1036111021, 1037586.103611102, 1037303.103611102, 1035781.103611102],12.671969021039802
12,[1601471.7821871717, 1599476.583313114, 1555233.879970726, 1548617.2312853544, 1509215.6334988957, 1404753.5708347023, 1332184.5895103812, 1318153.3721378376, 1317502.47224409, 1278916.943859122, 1278276.9438591215, 1176873.7111908211, 1175351.7111908207, 1173932.7111908202, 1152783.8163633635, 1152597.8163633638, 1151321.8163633638],13.350038261645736
13,[1529617.2878335472, 1527078.996044572, 1524934.9984277238, 1485639.38871253, 1479788.3544750514, 1439795.6537046032, 1341970.516800675, 1273357.1325390514, 1260243.7885118593, 1259683.4323957504, 1223375.6896042216, 1222723.6896042216, 1126168.4007152647, 1124751.4007152645, 1123290.4007152643, 1123064.4007152643, 1121464.4007152645],13.5661570651431
14,[1578879.152873101, 1576120.9796969243, 1574055.900740176, 1535868.4635776368, 1529968.1708151256, 1490373.2217394323, 1387552.3252072914, 1314672.7674103437, 1301506.525580482, 1300891.417035115, 1263867.1815470872, 1263324.1815470872, 1163786.5125634454, 1162047.5125634454, 1160684.5125634454, 1160150.5125634454, 1159035.5125634458],13.628185305694442
15,[1921973.520508174, 1919235.7432347783, 1870853.6295807655, 1864182.273749825, 1819715.758579432, 1690656.7569660472, 1597060.3641936323, 1581495.9937563315, 1580703.5258276244, 1535158.5047902737, 1534315.5047902737, 1414589.4171736317, 1412821.4171736315, 1411055.417173632, 1410251.4171736317, 1408960.4171736317],12.727722058311018
16,[2675820.8869902305, 2672491.8184465463, 2609392.74305628, 2599156.004616967, 2543118.5394088756, 2362225.255538387, 2340314.2427732674, 2339324.980724029, 2275869.6988661396, 2149012.4605216417, 1982757.7593358287, 1979084.7593358287, 1976571.7593358287, 1944130.25487465, 1943003.25487465, 1938902.2548746495],12.773718660864636
17,[4989299.552426924, 4983067.061015758, 4852284.792152571, 4829260.006249621, 4709826.235356881, 4402011.209484697, 4183901.130690263, 4141850.601609604, 4138828.374774445, 4022367.260777347, 4018034.260777347, 3743334.283681812, 3736884.2836818127, 3731866.2836818127, 3671956.4682428124, 3670296.4682428124, 3663197.468242812],13.375805976147737
18,[4275000.115151642, 4269998.3313293345, 4139437.576144427, 4115593.8854067856, 3995420.866701068, 3743523.875714713, 3569636.598646475, 3536524.1678087674, 3535269.0325200306, 3435722.577917951, 3432004.5779179516, 3208076.2945769764, 3203225.2945769764, 3200040.2945769764, 3141023.2149357563, 3139969.214935756, 3133328.214935756],13.262458571517024
19,[1878626.2743633806, 1876208.8182800303, 1823348.2368301419, 1814435.7858422382, 1760603.5791607108, 1647695.1289824238, 1571704.6928459718, 1558304.4500390603, 1557570.6401889238, 1513373.9961978479, 1512176.9961978479, 1407460.8006873901, 1405618.8006873901, 1404142.8006873897, 1378299.897519186, 1377822.897519186, 1374760.8975191861],13.250002808394635
20,[1520435.1689895163, 1518560.2512918706, 1477824.9682130127, 1471266.226272962, 1429610.645307665, 1339879.7676151323, 1277871.321962067, 1265892.6987980944, 1265393.6015541544, 1230638.9385796424, 1229924.9385796422, 1149890.2208848922, 1148155.2208848922, 1146836.2208848924, 1124070.9226599925, 1123800.9226599925, 1121477.9226599922],13.399275948572482
21,[1223963.6426849323, 1222093.7572863312, 1187020.4597395025, 1182236.771302172, 1148195.2334322424, 1074154.042592003, 1028532.0158681716, 1018445.6432808826, 1017920.7151190412, 989822.6163239019, 989253.6163239019, 930565.5338605964, 929119.5338605964, 928036.5338605964, 906010.8528406476, 905717.8528406477, 904352.8528406477],13.487195480853659
22,[441595.4394149745, 441399.0705143623, 440756.24751155847, 426341.2659183351, 424717.620728036, 408224.85339357826, 383436.65554927284, 372531.59399031993, 368606.4907648754, 368446.5747506269, 359058.3205414461, 358917.3205414461, 343841.8941489979, 343630.8941489979, 343314.8941489979, 343284.8941489979, 343248.8941489979],14.029429662445402
