6,[2099383.5237369733, 2087533.8438119614, 1925139.5785957293, 1915461.6212070147, 1902578.1982574135, 1774041.9972083105, 1562192.8186582963, 1494225.067290407, 1491133.2090929004, 1487630.2090929006, 1485192.2090929006, 1475894.545902717, 1474281.5459027167, 1473505.734201402, 1455753.709676617, 1439827.4971098194, 1434683.4971098201, 1433923.4971098204],13.162440856853252
7,[6161939.868648445, 5761752.633298035, 5720620.453256051, 5494762.970630205, 5360762.829472804, 5077761.892006989, 4564360.817773193, 4555542.964513359, 4548786.731172693, 4540577.731172694, 4535058.731172694, 4500122.032489755, 4497717.032489754, 4495241.862833099, 4431503.848079528, 4378878.589006888, 4370228.589006884, 4368028.589006884],13.295974690919541
8,[5846631.262246577, 5490342.450496503, 5445103.084033203, 5257392.44044142, 5123286.9032116905, 4919500.884780016, 4533173.578193185, 4524217.404343536, 4517130.566617138, 4510770.566617139, 4505542.566617138, 4466745.878381696, 4465349.878381696, 4463423.415513119, 4387791.239451505, 4330648.062820153, 4321717.062820151, 4319601.062820151],13.76188192098889
9,[2414687.3672820353, 2244587.834334208, 2230463.47483867, 2159356.730131935, 2103630.9342170795, 2007636.0214720198, 1829911.5511660855, 1826413.6387524025, 1823278.0869117968, 1821124.0869117968, 1818629.0869117968, 1800201.2722154616, 1799802.272215462, 1798443.3631955779, 1768320.0279327852, 1742935.9692993592, 1741258.969299359, 1740248.969299359],13.546797972288688
10,[1462663.3468131628, 1362076.7987254101, 1354822.4067335245, 1314948.2865353157, 1280075.9806067734, 1217644.4146203934, 1095476.8101036348, 1093521.4996821964, 1092026.5461156599, 1090715.5461156594, 1089219.5461156594, 1078013.0164328436, 1077853.0164328436, 1077305.2909994104, 1058110.0539014195, 1043022.2166838726, 1041240.2166838726, 1040482.2166838726],13.477131743087641
11,[1426323.2975778917, 1328657.915906721, 1321074.7443660735, 1288048.9861564664, 1224974.3020917228, 1101509.443747576, 1063094.35322513, 1061645.0322701144, 1060204.0322701144, 1058936.0322701146, 1047944.741828431, 1047661.741828431, 1047031.1195072819, 1028447.8016131459, 1014363.6579607116, 1012841.6579607115, 1012225.6579607116],12.662730282992808
12,[1603105.5302151968, 1495984.1749708233, 1487701.2824579645, 1442764.2443678486, 1404679.4009332485, 1336396.4923909507, 1202481.0052758674, 1200233.8922066635, 1198440.420145618, 1196918.420145618, 1195499.4201456173, 1182762.8712269613, 1182576.8712269615, 1181945.2698133122, 1160862.910148477, 1144098.0221717092, 1142822.0221717092, 1142103.022171709],13.45266635936097
13,[1536908.8901803708, 1436067.4251959468, 1428023.0603466078, 1385009.3297182233, 1346532.5944283202, 1281470.0774697955, 1153915.2276849134, 1151640.5051290377, 1149752.0408640637, 1148335.040864064, 1146874.0408640641, 1135094.2415339395, 1134868.2415339393, 1134337.6007777804, 1111406.4250873565, 1109806.4250873562, 1109068.4250873565],12.778711344648658
14,[1586107.6694756513, 1480154.829157389, 1472436.1998054974, 1430129.9334176069, 1392282.6516306663, 1324159.9724611142, 1192751.1728990786, 1190233.5568185674, 1188390.67839067, 1186651.67839067, 1185288.67839067, 1173516.519400766, 1172982.519400766, 1172387.787585865, 1150247.2017091129, 1134691.9072946855, 1133576.9072946855, 1132757.9072946855],13.494989498189463
15,[1928765.3818002057, 1796390.6411137201, 1787235.1620630831, 1733631.921182572, 1690923.6977578057, 1602388.2980370102, 1444634.643821875, 1441647.4521936786, 1439242.06653001, 1437474.06653001, 1435708.0665300097, 1421702.2865987169, 1420898.2865987169, 1420139.843590988, 1394808.0734298336, 1377431.091416859, 1376140.091416859, 1375297.091416859],13.487978023855353
16,[2694944.5181353022, 2509258.9597241743, 2495278.6909302613, 2416332.7506237477, 2362925.215122011, 2235809.005127413, 2015767.3848599526, 2011798.1915270898, 2008853.2969093828, 2005180.2969093828, 2002667.2969093828, 1982944.4645247844, 1981817.4645247848, 1981011.1142850746, 1948755.5076359976, 1924869.1336480954, 1920768.1336480954, 1919759.1336480954],13.507687560211924
17,[5036229.328099615, 4717930.384574889, 4685716.9752341425, 4518334.1892342325, 4404907.094746962, 4197480.0674657505, 3825885.487154969, 3819571.4411422047, 3813901.5122027285, 3807451.5122027285, 3802433.5122027285, 3764080.1554710334, 3762420.1554710334, 3759469.4382530614, 3699974.3808943527, 3654335.2159910174, 3647236.215991017, 3645545.215991017],13.576875756221655
18,[4306572.111674756, 4044334.5398939266, 4008870.0468200394, 3861527.8120981995, 3747821.4255852993, 3582202.9869154505, 3277208.187196308, 3271655.2206945405, 3267077.58977281, 3262226.58977281, 3259041.5897728107, 3228757.1836945903, 3227703.1836945903, 3226479.103782484, 3168089.5265165083, 3125376.33992383, 3118735.3399238307, 3117622.3399238302],13.485586494035221
19,[1897896.3514069177, 1780376.0913455838, 1767271.9955321534, 1700316.6075257042, 1649328.251210467, 1577901.3218298727, 1437959.379346734, 1435590.2862501685, 1433291.4037159313, 1431449.4037159316, 1429973.4037159318, 1417690.8132895473, 1417213.8132895473, 1416486.4007378665, 1390826.137146464, 1372049.3077169666, 1368987.3077169673, 1368351.3077169675],13.462501249528797
20,[1532509.1155059692, 1439558.7095268583, 1429736.5056313002, 1380912.5937426107, 1341110.9694747864, 1282747.0256670592, 1173615.0548725363, 1172205.2260839362, 1170511.1986169186, 1168776.1986169189, 1167457.1986169189, 1156625.0512332187, 1156355.0512332187, 1155879.5547138636, 1133150.6597003646, 1117923.772364393, 1115600.7723643933, 1115195.7723643933],13.625244351152789
21,[1226558.6426215726, 1150158.4414745348, 1142821.19626301, 1108376.5825017586, 1075842.8007913672, 1032827.6951566704, 951138.8464378989, 950428.5216989601, 948678.1972447595, 947232.1972447595, 946149.1972447595, 936840.055386994, 936547.055386994, 936037.02605801, 914013.78328195, 901111.5928963103, 899746.5928963103, 899353.5928963104],13.73140870543273
22,[434922.1488569818, 409164.09991238685, 406849.07094818476, 399977.19867212966, 384264.2922419732, 374391.4557165137, 351604.71754414745, 351423.1952995113, 350811.2281681548, 350600.2281681548, 350284.2281681548, 346520.46850090363, 346490.4685009036, 346331.116494185, 333971.4478642943, 333935.4478642943, 333794.4478642943],13.370080778041
