6,[2099383.5237369733, 2085955.4783953314, 1923297.938680056, 1917745.486999189, 1840433.0701474878, 1831900.5116814165, 1828457.2166883724, 1822030.8783295194, 1815530.5706567266, 1780781.9309970615, 1530387.1553552274, 1529161.5106478126, 1453593.6174644502, 1258079.1928618418, 1143261.8168799642, 1137878.34714785, 1135440.3471478506, 1133265.9750838636],13.097194389119778
7,[6113411.190141849, 6017375.476190899, 5974105.5432902975, 5169787.382023792, 5100347.988335689, 4891849.118318218, 4836402.1124562705, 4827246.5274926005, 4803733.447132446, 4796849.411458311, 4415271.818575161, 4358654.303359081, 4336551.2149549555, 4107738.775624179, 4092554.2427503862, 3859212.8771813693],11.825419001931232
8,[5808885.797934734, 5729391.748972887, 5625345.757616816, 5565522.206757437, 5519282.929933169, 5328238.45624756, 4730498.832981162, 4721292.220916934, 4656261.2400113, 4619527.178345565, 4612885.962471939, 4267440.630052258, 4249280.574195344, 4222055.443274638, 3984982.679514962, 3806858.375167877, 3794080.9945132937, 3778759.3168842704],13.696191889982762
9,[2392939.084093371, 2361273.4914803915, 2334736.947924512, 2297354.961083386, 2152944.6455233223, 2120905.4914406626, 2108125.6278804885, 2094040.6497278363, 2023096.5218974173, 1993132.0414583331, 1748103.5177195643, 1732503.5742536958, 1729052.2417784126, 1727834.0342005559, 1638319.5814584496, 1622618.4611236358, 1619717.4276997081, 1610911.2487162307],13.795564704820949
10,[1449258.3146353746, 1428221.2906512858, 1412616.8356949638, 1389910.97694275, 1290490.4997884063, 1277685.4393861648, 1276976.7730041437, 1269766.3527679604, 1252732.7080564892, 1093119.9517485967, 1055268.3842139305, 1044920.9925262557, 991635.4853800955, 989724.7047642268, 988753.9245698416, 979935.4357079004, 975245.0815043328, 973758.6150681748],13.65201461707617
11,[1414188.7072490177, 1394212.8451343228, 1371950.744400902, 1357461.3068565466, 1279865.8419907559, 1267844.0504343952, 1260233.381291723, 1239864.553133442, 1081354.5486047086, 1065644.2240233251, 1028025.894412746, 1019710.9461249431, 1018882.0243302836, 1017429.1805495886, 1008958.5353223493, 960107.4999274348, 955253.186449211],13.056934029559644
12,[1589950.66581452, 1567064.9006999657, 1540860.946396987, 1523415.244173921, 1514785.311844741, 1427963.9458928287, 1415365.1282259382, 1397580.3190573975, 1351542.6881721746, 1329631.9015705206, 1157068.5425514213, 1154904.7021634558, 1143359.6605821343, 1141651.580356639, 1132121.2956209015, 1130971.4460156509, 1076243.736385532, 1070836.2953923948],13.901419794272986
13,[1523218.0563404153, 1499472.732597433, 1473218.190365881, 1464870.4419547813, 1434500.8448527504, 1388940.8702999847, 1307103.1911077618, 1275281.2775508896, 1274586.683403185, 1272169.9002606522, 1110413.273876611, 1108577.2241996576, 1097224.6785484918, 1085554.0309020274, 1073563.0987312505, 1072741.2807315174, 1066276.1088557653],13.163068736241085
14,[1571258.7966898, 1547579.1668502735, 1531478.2314349655, 1506822.7790148794, 1498803.1249917063, 1482430.8932378665, 1437695.8777825083, 1334457.6913096297, 1319985.7321766757, 1149497.294703624, 1148796.812751752, 1146285.8531507393, 1135708.913711581, 1134058.93714212, 1122028.4577688964, 1108484.3558607884, 1107375.3653564607],13.247667101225892
15,[1911651.2623845958, 1884241.6773159585, 1856934.2162297072, 1838973.6381769571, 1708133.6466794803, 1698998.8539654631, 1683049.1811606651, 1682160.4042669744, 1628708.354871071, 1418518.4611278884, 1397328.4991639233, 1394310.600318521, 1391954.0288856146, 1379238.2685109677, 1366839.7134143994, 1365736.413036425, 1299766.6986563727],13.185177740093177
16,[2671853.633826845, 2488798.483541823, 2453533.6779074087, 2442815.435770978, 2429950.8164504464, 2397055.5743291015, 2372463.3461488206, 2358550.499908155, 2279820.4598042797, 2275622.6053809603, 2000465.1168094722, 1971383.5333545213, 1968426.6565095712, 1873249.7058450652, 1864845.9816825332, 1862683.62852352, 1848149.01004927, 1841257.9285205593],13.853015260939786
17,[4996635.33382752, 4916932.399337963, 4855298.285485148, 4807775.672452601, 4774536.827672575, 4603512.537418149, 4596634.144016302, 4051326.074747924, 3745388.200268942, 3725750.94135337, 3720264.554834838, 3695562.2697283444, 3664599.6535471207, 3611710.5455894843, 3429947.8202198707, 3414700.3914148575, 3411954.5036726813],13.101559642140836
18,[4267799.611058741, 4204742.073887901, 4123469.9467468527, 4078207.6682640365, 4041723.0764220287, 3891344.0340841343, 3885439.441077184, 3395233.437414654, 3390645.6514149792, 3364258.8201551754, 3314083.3147969865, 3063775.5264785932, 3052248.564157777, 3028782.2436600197, 2865873.165232355, 2828041.709035228],12.33344363715947
19,[1878595.2934276399, 1850855.5812187158, 1816384.429945658, 1796534.8959716808, 1783019.6205174504, 1714547.494344164, 1711982.9433934342, 1690078.0487629867, 1687754.907204081, 1475280.9829890481, 1465661.8775348382, 1376678.731984728, 1339252.3639172493, 1338356.1657902407, 1321312.2414882598, 1250482.5702915455, 1244828.5702915464, 1155882.0835343085],13.760690800819782
20,[1517711.6793002875, 1492793.7687174904, 1476532.7126577548, 1449795.398615555, 1439741.959747462, 1422998.964715925, 1371572.1979789087, 1203852.8088256652, 1202344.236321524, 1200704.0311035882, 1193211.6958253928, 1178410.2494521684, 1107011.1866414915, 1077059.6353891671, 1076412.0606363786, 1001624.6513923071, 943582.0333013209, 939704.0333013209, 935021.9002748238],14.251122634784593
21,[1214643.1173171783, 1190351.02849698, 1176850.9493440678, 1162067.5857287569, 1140023.8354650936, 1132528.2703681157, 1122002.1734593362, 1060395.505737923, 1050830.2396109893, 929847.0190377745, 915129.862299737, 882235.2962027554, 881526.1802246546, 832302.8089583613, 826864.547689546, 769272.4089506111, 764676.4854466178, 756680.231847029, 755990.3478845694],14.237870184168337
22,[425695.30572632514, 413292.8105481333, 377644.29250563297, 366846.05129171745, 350046.3439727372, 349095.6226277163, 347758.4223670634, 344602.8484672408, 343198.8484672409, 327878.60032757616, 327346.6003275762, 319743.176204967, 316780.9078500484, 298220.9078989681, 297815.9078989681, 295524.4117323274, 293106.7056727918],12.485101436666367
