6,[2075764.0151684359, 2072238.1527921055, 2016244.9222164743, 2006904.4953200968, 2000026.2604132022, 1986577.3763356872, 1827422.343013258, 1816452.2273980991, 1815530.5706567266, 1761804.8328762925, 1633620.6854943251, 1474277.1774216243, 1441150.2322282759, 1437647.2322282756, 1435209.232228276, 1434179.9640951832, 1432566.9640951836, 1427422.9640951834],13.915452889607215
7,[6069999.49326902, 6060587.680611252, 6052789.470604852, 5900245.384332549, 5870500.967919338, 5725777.6145145595, 5343884.693570426, 5303773.750868761, 5300903.575227646, 5156254.77727093, 4874280.268611928, 4484681.798677593, 4371029.242691332, 4362820.242691331, 4357301.24269133, 4352735.476552406, 4350330.476552406, 4341680.476552406],14.044135531888323
8,[5793321.234075111, 5783939.949832945, 5776327.607422841, 5620783.040073003, 5592291.9369091485, 5450396.622858844, 5106511.559050841, 5063384.157081284, 5061099.861059049, 4926426.61765638, 4723390.82748379, 4444264.273698952, 4319882.832180682, 4313522.832180681, 4308294.832180681, 4298111.708059834, 4296715.708059833, 4287784.708059834],14.36405944252983
9,[2396876.579685428, 2393129.7504607327, 2389750.8068398787, 2329621.710962211, 2320244.069601099, 2260993.2317665466, 2096609.2051457826, 2076468.7516521798, 2074937.594397083, 2017838.70173461, 1922189.1775053106, 1790944.1943696183, 1737866.4327940678, 1735712.4327940678, 1733217.432794068, 1730207.0083926972, 1729808.0083926972, 1728131.008392697],14.247608703664717
10,[1454408.576433428, 1452287.6519914563, 1450551.0476608335, 1416112.0557423055, 1410357.2535208308, 1374162.024408027, 1276312.6960218397, 1263767.8297647873, 1263099.069264667, 1227233.5569163808, 1165107.9371586586, 1073381.3406002931, 1040579.972693419, 1039268.972693419, 1037772.9726934191, 1036150.8002833173, 1035990.8002833173, 1034208.8002833173],14.240155970175943
11,[1421686.465508747, 1419989.8918604269, 1382027.2826678131, 1376071.8713631518, 1341633.2206907596, 1246764.1082906518, 1234388.2169663606, 1233654.434907122, 1199688.0060235537, 1136841.182584915, 1044099.2799390154, 1013215.3019426377, 1011774.3019426377, 1010506.3019426377, 1008508.2680601797, 1008225.2680601797, 1006703.2680601795],13.291596008515668
12,[1594101.4793779464, 1591688.1860250225, 1589692.9871559793, 1550522.6302932112, 1544021.9816078395, 1504620.3838213808, 1400368.530890687, 1386315.4171280656, 1385571.2714781505, 1346986.0276985907, 1278984.3711282043, 1177482.9452018528, 1141980.4291045899, 1140458.4291045896, 1139039.4291045896, 1136544.0583371047, 1136358.058337105, 1135082.0583371047],14.2036462608427
13,[1529617.2878335472, 1527078.996044572, 1524934.9984277238, 1485639.38871253, 1479788.3544750514, 1439795.6537046032, 1341970.516800675, 1328840.7018186883, 1328212.3950259346, 1291904.6522344046, 1227151.3817449403, 1130223.5897976186, 1128806.5897976186, 1127345.5897976183, 1104544.313693856, 1104318.313693856, 1102718.313693856],13.575905439191894
14,[1578879.152873101, 1576120.9796969243, 1574055.900740176, 1535868.4635776368, 1529968.1708151256, 1490373.2217394323, 1387552.3252072914, 1374370.3152794107, 1373707.428661638, 1336683.1931736106, 1268807.1397476124, 1168894.5266679097, 1133507.7324942672, 1131768.7324942676, 1130405.7324942676, 1128102.694565845, 1127568.6945658454, 1126453.6945658454],14.252617607212432
15,[1913503.1109748385, 1910151.6838822896, 1907413.9066143257, 1864759.3154917741, 1858197.9596608342, 1813731.4444904411, 1684988.9889469945, 1669436.0706231361, 1668585.529282767, 1623040.5082454155, 1534906.2476099185, 1415098.371674206, 1374846.8131388552, 1373078.8131388552, 1371312.8131388552, 1368591.0658900836, 1367787.065890083, 1366496.0658900829],14.253153516834088
16,[2666126.9955132673, 2661864.9949715263, 2658535.926433693, 2602247.8638597205, 2592115.1254204074, 2536077.6602123156, 2355478.272427771, 2333573.6579681924, 2332595.334348926, 2269140.0524910395, 2142476.5114960507, 1976515.3169304074, 1923825.7922135296, 1920152.7922135296, 1917639.7922135296, 1913762.0554375423, 1912635.0554375423, 1908534.0554375427],14.28279009167968
17,[4974606.252144261, 4967727.437259296, 4961494.945860666, 4841718.382989545, 4818875.597086595, 4699441.826193857, 4392038.608814003, 4349936.788367644, 4346665.712379032, 4230205.736803573, 4023537.2853027754, 3748632.1268797084, 3648394.760366083, 3641944.760366083, 3636926.760366083, 3631029.4575601504, 3629369.457560151, 3622270.457560151],14.250811587006995
18,[4265434.874647324, 4259529.876180855, 4254528.092367739, 4132464.156053234, 4108808.4653155915, 3988635.4466098766, 3737090.0957023576, 3703939.0069246665, 3702454.502632272, 3602908.048030187, 3437869.961762633, 3213745.2151085404, 3117434.655429404, 3112583.655429404, 3109398.655429403, 3103133.2236602036, 3102079.2236602036, 3095438.223660204],14.12536194330051
19,[1874072.228526234, 1871507.524708065, 1869090.0686313997, 1819788.89761131, 1810926.4466234061, 1757094.2399418787, 1644432.5141207967, 1631018.1922793873, 1630164.0029278977, 1585967.6435422301, 1514823.1188839723, 1409895.6256236557, 1368007.4196240045, 1366165.419624004, 1364689.4196240047, 1361707.9720244748, 1361230.9720244743, 1358168.9720244743],14.10659461714493
20,[1517219.5406486848, 1515625.5192583671, 1513750.601561975, 1475488.8202990703, 1468976.0783590195, 1427320.4973937222, 1337741.7261360255, 1325758.0234048397, 1325173.7679668383, 1290419.1049923266, 1232362.6646742288, 1152093.5938294178, 1116328.5625471573, 1114593.5625471568, 1113274.5625471568, 1110911.4301771387, 1110641.4301771384, 1108318.4301771387],14.267019487524271
21,[1222161.8999392034, 1221410.1797508849, 1219540.2943527019, 1186083.8374673517, 1181322.149030021, 1147280.6111600916, 1073255.3486242178, 1063152.6513165776, 1062543.1539173266, 1034445.0551221891, 991584.556396977, 932890.0028426562, 900904.0507924783, 899458.0507924781, 898375.0507924781, 895308.3071090563, 895015.3071090563, 893650.3071090563],14.356105794650663
22,[441595.4394149745, 441399.0705143623, 440756.24751155847, 426341.2659183351, 424717.620728036, 408224.85339357826, 383436.65554927284, 379507.6232989269, 379333.65055695135, 369945.3963477705, 360110.7849887902, 345035.358596342, 344824.358596342, 344508.358596342, 332190.0199989372, 332160.0199989372, 332124.0199989372],13.97525805556825
