6,[2081367.0, 1882964.0, 1806678.5303696822, 1652162.8421957898, 1646825.4370666668, 1555010.6421495352, 1337691.5244352734, 1187468.680147514, 1166062.8549734505, 1127513.110169143, 1123403.6265178232, 1092744.598805468, 1086400.5988054674, 1083247.6610510647, 1077709.9058751934],9.356279001705508
7,[6069999.49326902, 5743464.19315726, 5506536.223833801, 5287412.268541418, 4996204.893740473, 4603620.850424723, 4536920.010987206, 4480860.996178744, 3994332.0018494166, 3973920.575238153, 3945298.0731375725, 3939198.483954792, 3900611.9414565517, 3463829.9618428084, 3461752.0384648205],10.334382540094268
8,[5793321.234075111, 5512258.271589322, 5363480.692257334, 5008737.589945814, 4929025.252189777, 4902807.81077097, 4851186.225499069, 4309060.220247914, 4271120.360323635, 4228615.360323633, 4210796.458373237, 4132384.5341655877, 4100010.3384421896, 3705204.2292981995, 3564635.608840939, 3560289.533798238],11.670023899727715
9,[2379165.0, 2321853.523220209, 2203526.9693413437, 2036243.3937897424, 2027097.0101771744, 2001238.6721076567, 1985864.9265371717, 1958706.4769131553, 1934061.7616906893, 1919245.9406147762, 1820181.0258959301, 1707082.2976350002, 1614944.2017081887, 1610148.8857820178, 1538710.037944894],11.353713596001302
10,[1454257.3498153796, 1382135.2897004571, 1282057.612129072, 1206700.1289936425, 1201866.3723503912, 1185479.8274382963, 1168461.99867864, 1160290.3978017352, 1121497.2240526453, 1106145.8319424023, 969361.397274959, 960576.7330711194, 888704.5981837215, 885654.9020719317, 882528.5750728298],10.885254249832398
11,[1420980.178847686, 1341673.57374978, 1244423.6110226382, 1159281.2472990747, 1154032.5093354473, 1138680.3378719331, 1128975.6266512263, 1114797.2836071248, 1095636.855096518, 1080580.7904331698, 946113.6864046751, 875065.5688585284, 872263.2622992976, 857961.1218626089, 855570.9133283641],10.771786638059305
12,[1594101.4793779464, 1513904.7231260045, 1428918.6911291957, 1381895.267108431, 1373475.4670227868, 1268931.1881547691, 1252819.827376066, 1229596.8084719153, 1214233.4980917685, 1203402.0186284387, 1201491.958335022, 1123819.8430443585, 1122376.7824924572, 965241.5723497506, 955630.8088538733],11.060975649529617
13,[1529617.2878335472, 1456985.1458592603, 1425112.7961825286, 1381013.7161370127, 1280149.9619014005, 1263408.8584776588, 1187505.1016089013, 1176542.5111270172, 1155681.2323866864, 1153905.1074417706, 1014319.4578210093, 1010827.9659374373, 932006.7799886387, 930773.3778680844, 913704.4050386004],10.890832568886946
14,[1576143.5005702688, 1499773.59439508, 1491220.9465061028, 1385030.532084156, 1305320.7994219507, 1287401.1511593247, 1271312.8427752177, 1249217.2359276414, 1238616.0790472215, 1196614.8490892996, 1194573.7105491564, 1111621.0622669652, 1110449.071732687, 1033386.843805991, 1019219.4695220926],11.278094574092563
15,[1913503.1109748385, 1806205.99950054, 1716890.5747409062, 1586066.8268317438, 1493061.971866263, 1486463.5126804844, 1467256.4522720263, 1414509.0426356217, 1403431.6033701375, 1385591.3896717755, 1367397.7771357736, 1357004.4911224118, 1257849.8650865601, 1194978.9910300935, 1191962.8674378304],10.8014611290417
16,[2666126.9955132673, 2481665.9946747296, 2364965.430633114, 2283743.9929317078, 2273139.181328649, 2143865.840115582, 2118867.415565086, 2103921.156788523, 2079069.7932912968, 2055548.2833949984, 1819303.2264072897, 1807342.419806086, 1801753.9210430956, 1795484.2189176348, 1715093.416694279],11.07859758995031
17,[4974606.252144261, 4745250.494036539, 4598134.411040959, 4281516.2264223695, 4222857.621891623, 4203828.151195524, 4168715.234060215, 3954158.104199056, 3934506.2172110593, 3899082.278896243, 3855192.1178649697, 3648045.79315689, 3466544.140946627, 3457208.6152471327, 3278905.474014],11.355126278479
18,[4265434.874647324, 4041828.223102586, 4016384.964794839, 3950027.272459729, 3835129.9651733446, 3800063.853896485, 3760609.319193266, 3567576.2155875163, 3314690.94525986, 2982678.6276533697, 2953103.984173252, 2825870.4224670357, 2814624.1001415686, 2795129.4604764506, 2783117.496879473],11.228257059405934
19,[1874072.228526234, 1777407.328525365, 1687067.2554143348, 1649854.6296997662, 1646860.768716761, 1624900.5691214872, 1611577.6153937192, 1493234.7732540476, 1380442.7205846193, 1274353.8515836021, 1268592.3221671274, 1264366.086509742, 1240774.98891006, 1229918.395314442, 1215688.3314017288],10.96964476717333
20,[1517219.5406486848, 1436994.0926886613, 1361939.8172693485, 1343531.5023492062, 1335444.7898197717, 1314401.7055199158, 1303599.5320742563, 1212685.4515051907, 1123120.377696979, 1034714.5185110448, 1029402.6583549422, 1017443.7503616825, 1015904.3053863759, 998788.9680874929, 989842.7164201014],11.064078116903964
21,[1217540.5848071259, 1154080.8065455568, 1145681.1921624837, 1129657.4225304069, 1052739.9870169628, 1036506.2694025879, 1026375.3001390047, 957033.0482038921, 849542.6590128136, 841536.6590128137, 837894.8308550072, 824745.8048116296, 823485.3104710467, 820508.5996122644, 819031.5996122645],11.14869524090422
22,[425695.30572632514, 415004.35209639143, 403998.6705022554, 357063.42483229353, 354749.4248322935, 349345.0447601228, 349329.0447601228, 327931.1694042073, 327571.5763364241, 312039.9981927398, 308883.7368095854, 292326.75988362974, 284564.4110410569, 281251.75392554613, 273327.11546072015],10.908969403590257
