6,[2234561.0, 2212450.3861888945, 2195206.5952173905, 2103738.402135624, 2068095.023400319, 1998067.60367994, 1993721.2768688374, 1851726.1928214103, 1838341.475851144, 1837333.4217641198, 1783608.1464358377, 1609000.9458858757, 1438778.463939243, 1294883.383636296, 1281004.1491107254, 1245450.2622397696, 1197339.9208635755, 1162387.8963017855, 1157863.2101687747, 1147257.0355965216],15.059197004928505
7,[6570521.542707125, 6514591.696783795, 6443283.542814122, 6206146.311715515, 6105619.924138144, 5917653.2607559785, 5908849.604624728, 5450611.538331409, 5408128.777289768, 5403470.777340989, 5274135.70713955, 4905083.223526935, 4371440.334917642, 4051225.355182872, 4005870.577248908, 3905185.9605672047, 3800323.9190006093, 3676937.8261311357, 3656454.957704112, 3609606.0217357134],15.399483654921807
8,[6207583.0, 6174181.645958034, 6102377.627335276, 5864323.53606866, 5766777.08313772, 5603401.159508945, 5592492.365898449, 5209632.2710101325, 5162682.071972955, 5157311.410040355, 5058455.292440209, 4815981.367578806, 4347627.924649651, 4143662.6398714106, 4091531.5261594383, 3984666.016707212, 3914631.6879681684, 3796427.0836045505, 3774847.9585020975, 3730957.2183178524],15.867553313084509
9,[2559205.2358527537, 2547594.916058787, 2519909.3850455373, 2417525.9274196005, 2385216.794760293, 2323995.531426205, 2320363.577976106, 2165275.946688298, 2144960.4031409235, 2142662.5084882807, 2103268.7176154056, 1994634.0862044792, 1793165.124012552, 1701052.0209571756, 1677970.0033987553, 1632649.5856084712, 1601005.1168354612, 1560146.1668404187, 1549924.2411422674, 1537393.6239822193],15.893878673431674
10,[1548431.1179263769, 1541381.9312846703, 1525130.460319458, 1463301.7289379006, 1445336.782667645, 1409136.0564078304, 1406250.0569814234, 1313229.2478218174, 1299795.1439986916, 1298218.2440834022, 1273615.7688566905, 1197408.0634886043, 1072428.5674773995, 1013656.7833095448, 999918.6725709316, 978687.3569121093, 952965.6886113447, 928761.9159289541, 924177.280443407, 917799.8628325829],15.828074383939454
11,[1511856.0156415866, 1503301.1243766935, 1488878.0136482788, 1430409.1989510402, 1411624.4001317746, 1377268.8137712784, 1375191.0807931132, 1281422.8731425887, 1269657.2058946611, 1268132.9759109989, 1245627.5566220924, 1165583.5699276836, 1043821.7616197822, 981475.8008051295, 967175.0554400841, 947276.3441182491, 919936.9584386601, 896295.029599754, 891306.8630063405, 884841.6843771503],15.782015883301014
12,[1702302.1652607883, 1692959.9488069385, 1676483.9803607452, 1606839.876220031, 1586207.7390887556, 1548770.7423566459, 1546623.7350604264, 1442064.319506259, 1428002.256846246, 1426479.5287424002, 1399670.160018807, 1311634.8027029077, 1170702.435577506, 1105825.2424809765, 1091328.2270293029, 1067553.1693991157, 1038033.1207273594, 1010976.8480281424, 1006520.9350425886, 999021.1258416257],15.776856787694758
13,[1635410.0, 1627527.082256117, 1610843.4394412693, 1544154.4131991768, 1524611.384972188, 1486958.00654964, 1484031.6096916334, 1385783.9354459199, 1369683.3310698173, 1368288.461283141, 1341043.8187351234, 1262484.2762843252, 1121338.209994686, 1060067.5430421622, 1045042.2985646349, 1021878.0801898917, 993526.6433980155, 968787.6363691291, 963190.2535876046, 956140.2187325998],15.757489250938157
14,[1681886.3934975744, 1674030.2480021424, 1657975.824101436, 1587464.827894844, 1567736.457436603, 1525126.48034486, 1521867.9444792622, 1421798.2828768895, 1407302.5292755736, 1405971.1752437835, 1378443.7789254335, 1297496.6569049365, 1154925.131434046, 1087079.4741348412, 1073437.1841007564, 1049519.3700098768, 1020952.7323592762, 994589.0785543744, 988566.7653206084, 981623.1280692777],15.741729381976473
15,[2040577.0, 2029040.4103014453, 2009009.6752097488, 1924099.73865209, 1899465.7004679646, 1849529.3981867, 1846116.72407373, 1721973.3860018488, 1705677.8560818662, 1704086.9683766293, 1668616.8609698582, 1565802.370404413, 1402814.8131475677, 1316810.263305517, 1298754.896041527, 1268696.6478066132, 1235321.0870901127, 1203688.7838729601, 1197720.533349823, 1188774.6415063844],15.71868093791282
16,[2844017.393087923, 2824463.5327625363, 2796099.813168741, 2677967.13567032, 2636218.1779334685, 2560968.4156231256, 2555433.0788226947, 2391692.056054016, 2368415.297750785, 2366515.5110494304, 2312808.93722822, 2147024.561086576, 1931097.2481997707, 1800616.2006110228, 1777369.775389525, 1734870.7726718122, 1686917.3788114132, 1639036.5324919885, 1630631.0858762525, 1615830.4948955441],15.5747805804928
17,[5344546.991974381, 5305749.377042685, 5246760.127175309, 5041963.246072199, 4959012.043419607, 4818258.297650567, 4803533.043166134, 4465401.837569688, 4424490.847413378, 4420057.23751369, 4331473.172292969, 4082415.516320744, 3667558.6193969497, 3439604.176172192, 3401244.691786832, 3321484.4755208795, 3251840.1215443756, 3146396.217387089, 3128910.176471567, 3097948.7985493853],15.66042871619657
18,[4604969.0, 4580662.280456104, 4527222.443275821, 4370363.962320781, 4299368.710138668, 4180663.3531862455, 4173667.024294028, 3868749.140888001, 3836678.180650717, 3832078.965931973, 3768150.903159407, 3568851.5152082127, 3174745.6131618987, 3004555.09824783, 2958466.2321210955, 2888167.7404748322, 2833311.433515623, 2753351.7689161124, 2735049.3252966846, 2711087.7845138484],15.780663480376255
19,[2027167.0782079329, 2016333.6658670115, 1993745.2555796888, 1919135.6648963036, 1892587.7116974297, 1842393.659373166, 1839679.373300898, 1710203.8102977404, 1695165.8139190162, 1693211.8412411117, 1664057.0364746735, 1580016.5809885864, 1404747.8512908407, 1328129.0575564469, 1311560.1693245054, 1281080.8534592863, 1255203.8416915478, 1221320.9551693161, 1214452.7977137128, 1204501.8013849854],15.8310009507245
20,[1630024.125951996, 1621091.204783532, 1603250.416716717, 1539348.086525831, 1518403.3084911925, 1477471.5552026848, 1475058.4766260781, 1372203.6939922767, 1361357.9989167266, 1359664.9235724064, 1335552.7703233315, 1264175.387815095, 1124258.2246814754, 1060628.1701283604, 1048581.8311275975, 1024311.1071121721, 1004475.2566461175, 977518.5836418612, 972883.3835836308, 966098.1251716055],15.788662473558032
21,[1303829.0, 1297390.013358408, 1283470.189201076, 1229603.5558645143, 1211807.5618739973, 1179174.0116587926, 1176846.7397173722, 1101564.0420623813, 1090993.379424977, 1089799.0135120691, 1073647.4999121188, 1022506.5718067142, 910860.349093212, 863420.4233946573, 851576.2270617139, 831326.0091988916, 817507.9907975952, 796106.4594728022, 790567.1852381732, 785709.7250404144],15.881823343030073
22,[464109.0, 463593.83626286517, 460395.3682598943, 436478.73889123654, 430629.0247939629, 422198.1020720597, 420581.5771963108, 398881.8636952367, 395803.4786534744, 395596.8997065178, 389760.1603738021, 380872.4130699705, 331171.37464804424, 313355.42990898766, 307843.3468258515, 300008.38257474266, 296943.45239732874, 294353.8016796046, 292373.08106685546, 291443.91013423225],16.13026181149092
