6,[1357306.0, 1353148.0, 1317306.0, 1313608.48973483, 1268204.549177054, 1258394.951921369, 1247977.2814563962, 1247977.2814563962, 1241671.660505788, 1207934.0223873353, 1205899.9561565104, 1201154.0651933346, 1120072.8188356399, 1117411.2741559276, 1114075.5586465283, 1084044.0938351946, 1075042.5982007368, 1071897.220578562, 1033573.0851896213, 1020991.2609533436],16.76937568330546
7,[1729729.0, 1724384.0, 1684593.0, 1679629.467978665, 1618070.5790032847, 1603825.2855374329, 1589672.2149913227, 1589672.2149913227, 1581174.3577181802, 1548078.884649141, 1545254.5003037078, 1538506.5247233228, 1415636.0883317771, 1412105.770928501, 1407490.8760592768, 1371997.063499597, 1362597.220220148, 1358386.7259801228, 1309811.7170509223, 1290160.6690691547],16.672501981613422
8,[1833025.0, 1827336.0, 1784554.0, 1778948.015862816, 1712307.9861121208, 1697258.668690097, 1682363.5896864806, 1682363.5896864806, 1673726.5995876417, 1640358.445393008, 1637168.265389763, 1627755.099732006, 1509252.3030747334, 1503567.1926514045, 1498842.779760634, 1460968.2699166841, 1449111.7363838598, 1442784.5132545996, 1385936.9067339487, 1364100.983372297],16.59882599924748
9,[1789439.0, 1783213.0, 1746380.0, 1739386.2197961211, 1669483.733373387, 1652998.234136837, 1639168.4722672268, 1639168.4722672268, 1628485.465176453, 1600383.8602008936, 1597054.3868397402, 1585744.7333633166, 1478250.9442722707, 1474195.6096283265, 1468987.4998365722, 1434101.699573205, 1424005.068826817, 1414796.3885983732, 1362962.5696938024, 1339634.2468926583],16.71515808501531
10,[1909108.0, 1902305.0, 1864781.0, 1857472.477955962, 1781972.3863105534, 1764677.0617555527, 1752002.6928652567, 1752002.6928652567, 1742651.7466890328, 1715671.603377006, 1712223.2235273959, 1701441.9817445525, 1588959.8343949502, 1585459.1987495779, 1580162.8498235857, 1547013.3174608634, 1536309.4900869264, 1525375.8658413782, 1472805.5310391032, 1451500.4930952983],16.886791713707478
11,[1837863.0, 1831857.0, 1800103.0, 1793458.0674249297, 1723626.8456743553, 1707712.3636255397, 1695551.1973651825, 1695551.1973651825, 1687453.0598591338, 1662156.2785752253, 1658681.1449379993, 1649572.0374226077, 1534750.1435930978, 1531275.3337826035, 1526390.495865892, 1495182.7291732556, 1484519.372579388, 1475715.4344100247, 1425010.5890769085, 1405729.2524839249],17.06542212583595
12,[1886607.0, 1879908.0, 1843018.0, 1835356.4669145732, 1758868.4757049878, 1743749.1070626683, 1729537.2560687112, 1729537.2560687112, 1720402.9116957958, 1692241.7235693869, 1687710.8788565595, 1677741.139525805, 1564407.6133881889, 1561087.8051164616, 1556233.6848075886, 1523594.7562555678, 1512179.7650060982, 1502297.510187357, 1449099.641902228, 1429934.782271622],16.98707004711899
13,[2015981.0, 2008847.0, 1967244.0, 1957042.137481898, 1875149.3420432953, 1858612.6633770403, 1842714.3657244584, 1842714.3657244584, 1832463.8727059995, 1802512.1202921853, 1798329.556074492, 1786427.5706521738, 1671544.4429308346, 1667370.3563911046, 1662489.789298329, 1628059.2824692247, 1615593.1153956999, 1605469.9454102959, 1544741.522991917, 1523071.4649478097],16.97042796697872
14,[1960800.0, 1954506.0, 1913031.0, 1903691.7725194527, 1824869.1021790905, 1809255.7617517067, 1794127.3808911063, 1794127.3808911063, 1783237.3018639197, 1751482.974809568, 1747402.157764225, 1735712.629788368, 1631064.9027756706, 1627554.3103793918, 1622986.6818371254, 1587996.061582297, 1576443.1824115633, 1567062.1007155334, 1508636.6978782366, 1488502.6328593476],17.02276201396461
15,[1902271.0, 1895564.0, 1856956.0, 1848406.7324554455, 1776047.498823559, 1760362.6155636688, 1745366.5727808122, 1745366.5727808122, 1734387.9019793167, 1707320.5755602596, 1703455.6707208718, 1691625.9455304535, 1596917.0203312403, 1593706.0746177982, 1588782.3575116969, 1554919.0138594706, 1544138.4634033893, 1533053.535436765, 1474614.639208863, 1453382.2722859406],17.103902961766543
16,[1926443.0, 1919810.0, 1881647.0, 1874001.0380118028, 1801109.2113995994, 1784243.8635775277, 1769297.2906976235, 1769297.2906976235, 1758229.60052132, 1728829.7037955911, 1724518.2718130688, 1712988.687434105, 1614188.709910672, 1610104.2055009084, 1605648.7420513614, 1570025.3356408135, 1558756.282579961, 1545706.7629291362, 1487268.5836004578, 1464663.1992350523],17.06583791845983
17,[1860278.0, 1853487.0, 1816194.0, 1808614.6916361914, 1739484.4548647967, 1722832.2881281262, 1707366.7398897863, 1707366.7398897863, 1695607.5970158684, 1671162.5927122864, 1666457.5606950524, 1656479.0234407864, 1560411.3734083495, 1557493.3851130733, 1553010.9651947073, 1519298.39645439, 1509243.1538287287, 1498618.4094410315, 1444388.0889005114, 1424221.0419594962],17.10021320933954
18,[1569148.0, 1562365.0, 1530029.0, 1522585.4385338207, 1463094.979241204, 1449650.3007815978, 1436573.172882369, 1436573.172882369, 1426105.7744677444, 1402637.3708159775, 1399197.06101969, 1389851.3393714752, 1305000.4362442621, 1301726.3497667979, 1298086.069660545, 1267791.8289163648, 1258534.3062152267, 1254205.430590767, 1206528.297715781, 1188640.5780319523],16.99593222047642
19,[1421672.0, 1415798.0, 1382172.0, 1376036.9737085365, 1321827.9941118662, 1309469.167311389, 1297493.6420683875, 1297493.6420683875, 1287982.1481427464, 1264915.7375224964, 1262211.8004592622, 1256580.2697957077, 1179128.930100689, 1176536.7793634979, 1173575.1054287376, 1147439.2533978922, 1138682.3134510515, 1134882.623479783, 1092862.4354016073, 1075006.0965569778],16.932609395728637
20,[1254248.0, 1249393.0, 1219015.0, 1213617.59298103, 1168040.2760425294, 1158307.5809077516, 1147641.638852773, 1147641.638852773, 1138819.7105170998, 1117731.5480486683, 1114949.8201950546, 1109944.1337731762, 1041576.8850047766, 1038972.6215579943, 1035676.5293762374, 1013158.240844817, 1006112.262731583, 1002286.1008726552, 965985.7022626587, 953559.9357024445],16.974972531382697
21,[1002784.0, 998281.0, 973732.0, 968886.4432688309, 933138.6186849948, 926305.794999791, 918101.797431294, 918101.797431294, 911555.5317320853, 896048.9631014311, 893773.9012472199, 890767.9663041552, 842083.5111063364, 840209.3045314437, 838031.5518351072, 821434.8214030538, 816042.3822322952, 812901.3196233185, 783024.7428958802, 773859.8602093258],17.068146728469415
22,[387822.0, 386123.0, 371983.0, 370490.2334981243, 357701.3368451721, 357273.90965612273, 354177.31684528297, 354177.31684528297, 351710.0653097626, 344719.4457029872, 343886.9025217371, 343477.8757668685, 331791.73283066106, 331129.7095994106, 330360.419693915, 325884.91350563755, 323982.69891051395, 323409.8169551241, 307330.5791607216, 304119.0253951846],16.699254265319354
