6,[2106058.0, 1956121.0, 1810115.631265344, 1721071.8354407954, 1599583.4613712705, 1474818.4776389033, 1365642.6484869483, 1259591.9449226973, 1109332.6454003116, 1088272.0491939601, 1047467.6420900543, 1043322.9037501704, 1002338.2973755031, 994713.2973755032, 994692.2973755032, 991535.6591620088, 983462.8633196991],10.09059941947135
7,[5962452.0, 5823529.093355529, 5506112.4043177, 5274523.598294435, 5055413.610963608, 4633710.791579157, 4364003.3378083045, 4294576.788967593, 3800068.114785144, 3751125.2346657896, 3485539.5552792833, 3429617.4861813383, 3422394.8401563335, 3389370.4339681324, 3377271.21420232, 3374607.0491006104],10.492715150146513
8,[5744545.0, 5611862.987289779, 5330811.347870065, 5185243.485697147, 5103974.3406337965, 5081080.392431827, 4629673.509675037, 4582027.822337843, 4070900.1636610245, 4036118.589651311, 3993613.5896513117, 3728335.094281204, 3657951.2267926354, 3644235.5427035643, 3505162.014120686, 3500517.763148598],11.50299001965746
9,[2390928.7464130665, 2258709.1229729485, 2232185.9033113774, 2139096.947555443, 2080859.4587873742, 1916501.5966825376, 1885266.486611978, 1878814.4257504677, 1859241.89954217, 1843966.409048001, 1628902.6111871854, 1616350.6111871854, 1472971.5194970365, 1428383.8359222163, 1401055.4333987143, 1394855.3021741835],11.4982897225821
10,[1467015.0, 1377751.3510280284, 1342658.7585058196, 1296737.260565326, 1219854.5028007394, 1146546.0026366871, 1065302.8188786057, 1050158.6761911723, 1039779.8205777408, 1035920.3858545969, 999329.8115904619, 928400.2419431738, 921596.5809238976, 894844.6802861282, 811930.9060909715, 808912.1434247567, 806228.46660657],11.761752188359292
11,[1413167.0334436023, 1342438.2494550736, 1293973.924246929, 1214545.2853525404, 1182505.7276464372, 1108111.4097275927, 1014775.5721496093, 977721.1131061268, 972707.4755729773, 959020.6667133874, 955295.3734395351, 946410.1489194551, 938552.8335088264, 872564.1682208598, 846688.7681908404, 832294.9861285307, 828973.758108729],11.706831923156479
12,[1587886.9471573336, 1513854.5674363293, 1462143.220494446, 1423586.932477034, 1340221.5146254625, 1258945.802943051, 1215710.0110984116, 1212078.7596752478, 1110106.5716743092, 1100030.5648251905, 1078805.8661135721, 1069351.4188286148, 1067525.3887751293, 990100.6163673543, 960850.656225021, 959407.5956731187, 943004.4841788732],11.920820198328856
13,[1538028.0, 1438036.5030347502, 1400558.0216205218, 1397096.6623442308, 1386940.7728936453, 1312180.2011997807, 1213144.2658031906, 1138999.2972425835, 1067141.9829943974, 1056217.3200846447, 1036762.4228048668, 1035081.8795163993, 960342.7185082652, 955282.5723247017, 928921.00063234, 927687.9470844689, 910244.1201378702],12.047148537280666
14,[1583611.0, 1487342.94769965, 1451007.4190532563, 1364780.7600232232, 1360857.311483722, 1282616.3777411964, 1273056.0145663482, 1201149.8913843806, 1188954.6210288496, 1122072.0550056116, 1046715.504375119, 1017094.3896212365, 989647.5096603807, 988519.7286900312, 972123.4594767493, 957833.8468047018],11.466845283963
15,[1926634.0, 1815051.8710341365, 1753389.4818459481, 1646970.997766577, 1605341.0154279165, 1512725.5026876105, 1407242.9727036965, 1388459.7394364644, 1336988.2139132896, 1331122.047968067, 1239096.2432017303, 1228338.2018818636, 1219617.2244391823, 1184661.4135732579, 1077527.4252792206, 1058903.4186238581, 1055903.9203731983],11.65696576027435
16,[2703126.0, 2551024.7065654695, 2461623.271101946, 2407414.6993317064, 2327446.902535694, 2196745.98942413, 2046030.244475315, 1922936.8046657504, 1900297.333527441, 1891801.3842163105, 1877025.6716015385, 1753914.15795261, 1743550.1940066554, 1587539.2924957885, 1583016.3646708357, 1577583.7307906551, 1488945.6837044312],11.961137380029651
17,[4930680.0, 4809716.384367359, 4580376.076577219, 4437655.145072732, 4377221.896975529, 4362040.016462588, 4319305.51285699, 4110933.3686855985, 3847498.7328741485, 3544438.6885868553, 3512535.292626481, 3476757.4404094853, 3421620.920074582, 3119673.218149206, 3115707.913989626, 2939536.0353463506],11.769965103633623
18,[4203516.0, 4108455.571300748, 3884860.4340594504, 3859421.4696127856, 3793080.9717351194, 3681365.6604341553, 3646531.927014927, 3610101.0006296188, 3422878.0246911407, 3144501.3821278187, 3092439.4606587486, 2791340.9902349426, 2675141.8485537777, 2490649.3560533733, 2472376.172579257, 2467098.8827162627],11.583845507581007
19,[1842969.0, 1750311.0, 1709231.1150900822, 1634751.4185604462, 1462733.77477062, 1376826.4385888518, 1343518.7013891446, 1340565.2153431731, 1326796.8629026297, 1313579.5081787133, 1202609.908546269, 1189387.4885435044, 1183680.9181581363, 1179655.4168759622, 1069146.8442873831, 1048652.009253461, 1039884.1647166184],11.35201327912991
20,[1539811.0, 1439208.8767366516, 1341869.0104979759, 1325426.092707394, 1287758.0596897653, 1215188.4456632782, 1081174.5417628237, 1069865.8790015199, 1066148.377256009, 1054181.2410946393, 969223.7823473151, 958725.1003241162, 953437.8912312838, 941247.2695863736, 934540.3546827972, 918015.5643310571, 833669.3975459763],11.612806997354674
21,[1237030.0, 1156128.653945187, 1090454.444246798, 1056047.0331116174, 1044745.7982018393, 1040040.10322357, 933096.268786243, 922638.8584783393, 913422.212213159, 902772.7216082481, 799344.6749906809, 791338.674990681, 787777.6795006114, 774591.6287026808, 768831.6719108078, 700255.0178296898, 698388.7194442864, 684857.8252168039],12.502674352348057
22,[438895.0, 405716.34340127074, 388502.093690281, 383668.53833993693, 340699.7241229759, 336153.3344686703, 334214.33446867025, 332645.0552578594, 332632.0552578594, 330716.7417656506, 315284.27907000313, 311649.2751402542, 295319.89039730583, 274970.8388124899, 268786.01855544886, 266992.4701221108, 259040.96466500798],12.100049249087622
