6,[2193570.274376669, 2170409.400405858, 2120421.799942853, 2105005.356826647, 1868724.4883817816, 1842577.5183140086, 1838663.381600715, 1836205.381600715, 1616800.7824126745, 1611747.130305182, 1604597.6920560312, 1601094.6920560312, 1598656.6920560312, 1595653.1008940847, 1594040.1008940847, 1593758.134560296, 1588849.5454489167, 1583286.9009226987, 1578142.9009226987, 1577382.9009226984],15.71649305745344
7,[6411019.548036754, 6261749.615589918, 6138801.306760841, 6069019.016670832, 5539314.376649149, 5451705.089494203, 5434686.662014337, 5427874.662014337, 4893385.781496752, 4874710.354402898, 4855808.9351156745, 4847599.935115674, 4842080.935115673, 4831428.611864779, 4829023.611864779, 4828168.802475484, 4810394.025015248, 4790879.097472436, 4782229.097472434, 4780029.097472434],15.934400218016057
8,[6060244.851448901, 5926677.792081019, 5810556.303094037, 5736980.24577786, 5318425.7014776245, 5240921.606343511, 5221504.811848572, 5217742.811848573, 4818424.951203318, 4800790.49459928, 4781161.527343342, 4774801.527343342, 4769573.527343342, 4756745.23776341, 4755349.23776341, 4754587.9712143615, 4731947.614848785, 4709179.721073784, 4700248.721073785, 4698132.721073784],16.364434960545843
9,[2500233.5513225165, 2458583.622564783, 2402675.1914448375, 2378335.4304907992, 2179010.6794999572, 2150499.809372065, 2140684.232602955, 2139706.2326029553, 1955771.546448613, 1947654.3488366874, 1939547.3827069679, 1937393.382706968, 1934898.382706968, 1928928.6217244323, 1928529.6217244323, 1928000.7743987713, 1918500.4355524813, 1908108.5745921594, 1906431.5745921598, 1905421.5745921596],16.210755084009257
10,[1514449.721297102, 1491254.1569663158, 1458876.6218113452, 1445701.076702929, 1321686.1862533542, 1306154.6885824078, 1299458.7525430564, 1298910.7525430564, 1172451.7705887977, 1166977.4999956633, 1162951.665191119, 1161640.6651911193, 1160144.6651911193, 1156305.9438143545, 1156145.9438143545, 1155910.0395113789, 1150075.6921938283, 1143996.7099848813, 1142214.7099848816, 1141456.7099848816],16.149118058901177
11,[1477804.8071485509, 1454280.3058049981, 1423314.8016700265, 1409637.3999488987, 1285343.6655964076, 1269137.3966451115, 1263033.0480889035, 1262579.0480889035, 1136441.6151956413, 1131010.4871337977, 1127306.7447976666, 1125865.7447976668, 1124597.7447976666, 1120830.8155361027, 1120547.8155361025, 1120302.045362314, 1114469.51947516, 1108970.4439013766, 1107448.4439013768, 1106832.4439013768],16.06554486977322
12,[1663194.906834366, 1636438.080058899, 1602461.6617382546, 1587445.5997091574, 1451871.8927437267, 1434117.1142696422, 1427051.5741722754, 1426411.5741722754, 1287639.7139464142, 1281446.305925101, 1276877.6417236365, 1275355.6417236368, 1273936.641723637, 1269592.4386213212, 1269406.438621321, 1269126.5153755916, 1262431.8140716269, 1255873.3364734142, 1254597.3364734144, 1253878.3364734142],16.129985229301976
13,[1595505.98732802, 1568406.304483813, 1536500.2043138437, 1522121.1176975488, 1394034.3676853622, 1377162.0564189146, 1369918.8386581296, 1369266.8386581296, 1237136.2350287407, 1231052.8372828679, 1226276.1741380484, 1224859.1741380484, 1223398.1741380482, 1219339.6587909092, 1219113.6587909092, 1218869.0971979578, 1211535.8483447495, 1204874.2240594246, 1203274.224059425, 1202536.2240594246],16.11481350863475
14,[1644091.1752835275, 1619412.1981752242, 1585998.6782514364, 1572321.631122848, 1436152.2789227534, 1419886.483530342, 1412424.2279724288, 1411881.2279724288, 1276060.985065805, 1269624.6416519822, 1265108.0717774094, 1263369.0717774099, 1262006.0717774099, 1257983.677422765, 1257449.677422765, 1257190.2251550735, 1250535.2715015642, 1244354.069190997, 1243239.0691909967, 1242420.0691909967],16.166051512298758
15,[1997729.7814339476, 1968842.683862175, 1927601.3419435504, 1911631.8922261212, 1739193.7589426916, 1718593.7798199614, 1710296.6739049046, 1709453.6739049046, 1545597.6808121752, 1537963.612007907, 1532195.25401208, 1530427.2540120801, 1528661.25401208, 1523607.4737953788, 1522803.4737953788, 1522476.309895309, 1514733.3430054784, 1507973.156623233, 1506682.1566232333, 1505839.156623233],16.15271862776948
16,[2786737.6984259407, 2751272.5714175347, 2692937.339253397, 2669382.5404770225, 2424092.7702841014, 2393723.8605369544, 2383654.6263661007, 2381644.6263661017, 2153238.669852175, 2143559.083303933, 2135968.732921807, 2132295.732921807, 2129782.7329218066, 2122995.2460775296, 2121868.2460775296, 2121503.5991335334, 2111494.8053907626, 2102037.657680587, 2097936.657680584, 2096927.6576805837],16.156685471436138
17,[5221380.718739354, 5116343.774982479, 5015620.561588797, 4961390.3170729615, 4557606.907663996, 4490725.318721634, 4474011.804665572, 4469678.804665571, 4083955.6015486517, 4069165.6505196956, 4053565.2601931803, 4047115.2601931794, 4042097.2601931794, 4029591.784578691, 4027931.784578691, 4026817.6437030854, 4009095.1966101415, 3991355.964310079, 3984256.9643100793, 3982565.9643100793],16.21344040907666
18,[4482333.7647706065, 4365048.694701044, 4280570.820692713, 4223066.281588433, 3899207.1241315543, 3839679.9678113894, 3823861.5513164415, 3820143.551316441, 3503876.9515487547, 3492237.5256461385, 3479665.3730940493, 3474814.3730940493, 3471629.3730940493, 3461468.649599362, 3460414.649599362, 3459832.755657661, 3441434.4099783036, 3424264.298222786, 3417623.298222786, 3416510.298222786],16.121058444853183
19,[1973910.3555041987, 1924579.0644135964, 1887047.6880068718, 1865469.7561945273, 1722374.8781873235, 1695798.0312083317, 1688603.7431447047, 1687406.7431447047, 1542393.5463587923, 1537203.0696450127, 1530896.6083458927, 1529054.6083458927, 1527578.6083458927, 1523488.0856985743, 1523011.0856985745, 1522678.9543202962, 1514980.6777686107, 1507836.5506569904, 1504774.5506569904, 1504138.5506569904],16.136096680910065
20,[1591855.867964307, 1557617.4545543664, 1528090.4473652807, 1512017.6557691444, 1395978.758535907, 1376685.6154324664, 1369745.2192715514, 1369031.2192715514, 1256362.6888685697, 1253083.557978053, 1248294.8359429252, 1246559.8359429252, 1245240.8359429254, 1241655.902746658, 1241385.902746658, 1241166.5525259755, 1234090.6248112416, 1228273.9161167892, 1225950.9161167894, 1225545.9161167892],16.311514855051264
21,[1272701.8170640687, 1245787.0172559652, 1220752.515966815, 1208103.0257581237, 1118740.2978279532, 1104601.1834022584, 1098758.7179380949, 1098189.7179380949, 1013851.4980235242, 1012130.5689654354, 1007260.8030954119, 1005814.8030954119, 1004731.803095412, 1001532.7035663979, 1001239.7035663979, 1001004.2840091542, 994107.3601862426, 988966.0967492494, 987601.0967492494, 987208.0967492494],16.39213590932362
22,[450006.0921435032, 436523.37582763954, 427704.46846125333, 422964.908095726, 397945.9783008288, 394761.7828077705, 392320.1807675473, 392179.1807675473, 368818.8714666672, 368198.33839028527, 366392.6251376548, 366181.6251376548, 365865.6251376548, 364553.15869394736, 364523.15869394736, 364453.71246648685, 360636.54168453923, 358402.771728384, 358366.771728384, 358225.7717283841],16.54530809673729
