6,[2023372.8609084722, 1944029.5572241803, 1684002.7039777974, 1479869.2900470602, 1478282.9630079272, 1476166.382532736, 1472663.3825327363, 1470225.3825327365, 1433710.8827941192, 1432097.8827941194, 1427558.4461105308, 1402058.7828751325, 1382789.6226839635, 1377645.6226839635, 1376885.6226839637, 1366963.3033486786, 1363323.3033486786, 1362732.8401293755, 1361537.8401293755, 1360114.8401293755],13.280427461615606
7,[5953622.299222138, 5617614.447565208, 5029688.031805221, 4527551.951129889, 4520297.513894629, 4516008.236673068, 4507799.236673068, 4502280.23667307, 4396561.137962097, 4394156.137962097, 4378381.15263733, 4288045.226776927, 4227303.042834034, 4218653.042834034, 4216453.042834034, 4178116.0842285086, 4168026.0842285086, 4166552.788493408, 4163778.7884934074, 4160320.7884934074],13.717173017514478
8,[5709834.487706917, 5393473.1348758135, 4920969.218995332, 4539927.63754126, 4532181.2936910875, 4527282.047291372, 4520922.047291373, 4515694.047291373, 4401448.705831368, 4400052.705831368, 4387033.72451723, 4285061.956180008, 4221075.836185956, 4212144.836185956, 4210028.836185956, 4165204.3578098766, 4161012.357809877, 4158361.9654695657, 4156204.9654695657, 4153260.9654695657],14.429257634765408
9,[2360513.798652056, 2230540.837311181, 2007573.3253774676, 1832208.7182825885, 1829384.0076561926, 1827140.4702770198, 1824986.47027702, 1822491.47027702, 1766217.7864408626, 1765818.7864408626, 1759356.5283449194, 1718830.472563415, 1690436.7673591767, 1688759.7673591764, 1687749.7673591767, 1670892.083413474, 1667904.0834134738, 1667181.100820392, 1666549.1008203917, 1665084.100820392],14.124558995862714
10,[1431344.682816095, 1353549.9150065475, 1214286.0630851383, 1093748.9995886597, 1092319.859201432, 1091275.0243180704, 1089964.0243180704, 1088468.0243180704, 1054908.4294566766, 1054748.4294566766, 1051695.7743319345, 1025784.0892347853, 1008764.3193365254, 1006982.3193365253, 1006224.3193365253, 996898.9158382234, 995354.9158382234, 994916.7919013, 994554.7919013, 993648.7919013],13.97453293594996
11,[1390350.839389854, 1315804.523402523, 1178154.8053897305, 1057761.2725499833, 1056514.5004033248, 1055479.7588285091, 1054038.7588285094, 1052770.7588285094, 1021142.0620312755, 1020859.0620312755, 1017502.1121220591, 992504.0270195624, 976385.9493674756, 974863.9493674756, 974247.9493674757, 966235.7521940673, 964450.7521940673, 963857.7041617583, 963593.7041617583, 962831.7041617583],13.862774086523952
12,[1567742.7998971764, 1481644.3489856836, 1331261.4221156917, 1199407.8319915861, 1197743.7833295465, 1196483.680860968, 1194961.680860968, 1193542.680860968, 1157205.6198029697, 1157019.6198029702, 1153692.3421724178, 1125414.0997108393, 1106274.7294852806, 1104998.7294852808, 1104279.7294852806, 1094133.214247328, 1091775.2142473278, 1091208.8100863767, 1090874.8100863767, 1089923.8100863767],13.939173490558389
13,[1503860.869990291, 1417708.5339074153, 1276255.7708820486, 1150466.0424568148, 1148731.8738956, 1147475.1819296996, 1146058.1819296996, 1144597.1819296994, 1110285.9963996205, 1110059.9963996205, 1107216.121073033, 1076848.5141269593, 1058235.7438185117, 1056635.743818512, 1055897.7438185122, 1046352.3826407453, 1044620.3826407453, 1043890.9542795308, 1043537.9542795308, 1042677.9542795308],13.899069024793665
14,[1552373.0261605508, 1467022.626581708, 1317838.7497786412, 1188313.7915576005, 1186391.2554417306, 1185132.4394971714, 1183393.439497172, 1182030.4394971717, 1148536.8332384347, 1148002.833238435, 1144465.7170669497, 1114560.777594465, 1096943.7810197726, 1095828.7810197726, 1095009.7810197729, 1085657.5261659266, 1083448.5261659261, 1082977.1614426312, 1082650.161442631, 1081796.1614426314],13.984656366430634
15,[1880592.2511802502, 1782644.1660113493, 1593128.1438513736, 1437885.200881061, 1435594.5157811365, 1433882.5296908128, 1432114.5296908128, 1430348.5296908126, 1388331.0330516424, 1387527.0330516424, 1383103.9431823944, 1349160.0043172494, 1329361.1721833567, 1328070.1721833567, 1327227.172183357, 1314260.604506701, 1311101.6045067012, 1310389.9546190714, 1309817.9546190717, 1308770.9546190717],13.952950394528663
16,[2621582.7521429327, 2494138.539590756, 2224990.525337411, 2008353.882639551, 2005288.6154421372, 2003238.449379145, 1999565.4493791447, 1997052.4493791442, 1938529.3915191037, 1937402.391519104, 1931237.5608464458, 1887473.426374142, 1860297.137849241, 1856196.137849241, 1855187.137849241, 1838738.7253715405, 1833881.7253715405, 1832732.0006571617, 1831530.0006571617, 1829825.0006571617],13.988840252052608
17,[4892661.936998838, 4628627.050797936, 4180804.0881256475, 3815058.8668542854, 3809949.9821962626, 3806151.399630627, 3799701.399630627, 3794683.399630627, 3688640.190751975, 3686980.190751975, 3674127.537928064, 3593053.424121213, 3541385.5476914276, 3534286.547691427, 3532595.547691427, 3499326.532585722, 3490638.532585722, 3488576.8962522363, 3486039.896252237, 3483373.896252237],14.11269944016722
18,[4193237.615442151, 3931389.797262771, 3567147.364101883, 3267031.1376030366, 3262321.1485950467, 3259182.834264544, 3254331.834264544, 3251146.834264545, 3167927.7027230966, 3166873.7027230966, 3157587.4274335722, 3079255.42996737, 3031278.680274293, 3024637.6802742924, 3023524.6802742924, 2992966.062773767, 2987649.062773767, 2985961.138146139, 2984604.138146139, 2982364.138146139],14.021766802711412
19,[1840472.7541732232, 1726784.4513112654, 1568380.2635656553, 1430757.606228973, 1428808.067014227, 1427229.6520793457, 1425387.6520793457, 1423911.6520793457, 1386194.5997867442, 1385717.5997867442, 1381552.088429729, 1346363.6542137985, 1324953.7235395596, 1321891.7235395596, 1321255.7235395596, 1306792.1721482123, 1305298.1721482123, 1304743.9306077645, 1304182.9306077643, 1303030.9306077643],13.941332424825733
20,[1492068.3518052467, 1404426.662147913, 1277038.1848420077, 1169747.1115444074, 1168612.5171488002, 1167454.622969143, 1165719.622969143, 1164400.622969143, 1132709.6275542164, 1132439.6275542164, 1129343.3951083124, 1098765.350103903, 1081214.7236156745, 1078891.7236156745, 1078486.7236156745, 1068790.2386540512, 1066779.238654052, 1066335.0226326853, 1065914.0226326853, 1065189.0226326853],14.155568201015322
21,[1205667.6707212578, 1132977.3842885676, 1033118.5137887121, 952643.4581220407, 952075.7810460628, 950883.1597241637, 949437.1597241637, 948354.1597241637, 921529.8638716042, 921236.8638716042, 918780.3625580223, 889350.5289073526, 874699.1710699103, 873334.1710699103, 872941.1710699103, 864991.726830972, 863023.7268309721, 862450.7811893205, 862157.7811893205, 861696.7811893205],14.350713662018947
22,[437956.34265637485, 404642.2511074465, 375912.36268162925, 353567.1908851021, 353435.6282204331, 353026.54760022584, 352815.54760022584, 352499.54760022584, 342104.4236219732, 342074.4236219732, 341406.9376392031, 325174.5252115145, 319180.5614779195, 319144.5614779195, 319003.5614779195, 316600.81358708773, 315488.8135870877, 315377.808053416, 315365.808053416, 315183.808053416],14.802091403350653
